0 0
1 0
2 0
3 0
4 0
5 0
6 0
7 0
8 0
9 0
10 0
11 0
12 0
13 0
14 0
15 0
16 0
17 0
18 0
19 0
20 0
21 0
22 0
23 0
24 0
25 0
26 0
27 0
28 0
29 0
30 0
31 0
32 0
33 0
34 0
35 0
36 0
37 0
38 0
39 0
40 0
41 0
42 0
43 0
44 0
45 0
46 0
47 0
48 0
49 0
50 0
51 0
52 0
53 0
54 0
55 0
56 0
57 0
58 0
59 0
60 0
61 0
62 0
63 0
64 0
65 0
66 0
67 0
68 0
69 0
70 0
71 0
72 0
73 0
74 0
75 0
76 0
77 0
78 0
79 0
80 0
81 0
82 0
83 0
84 0
85 0
86 0
87 0
88 0
89 0
90 0
91 0
92 0
93 0
94 0
95 0
96 0
97 0
98 0
99 0
100 0
101 1
102 2
103 4
104 5
105 2
106 3
107 10
108 10
109 13
110 25
111 20
112 28
113 33
114 38
115 45
116 50
117 84
118 70
119 107
120 157
121 157
122 208
123 338
124 301
125 373
126 730
127 579
128 951
129 707
130 555
131 224
132 293
133 154
134 171
135 194
136 184
137 119
138 160
139 148
140 73
141 47
142 73
143 24
144 20
145 17
146 6
147 6
148 10
149 4
150 2
151 1
152 10
153 12
154 5
155 6
156 2
157 2
158 1
159 3
160 1
161 1
162 2
163 1
164 2
165 1
166 4
167 1
168 4
169 1
170 2
171 2
172 3
173 6
174 5
175 8
176 6
177 5
178 3
179 6
180 5
181 2
182 8
183 6
184 11
185 7
186 12
187 9
188 10
189 10
190 6
191 18
192 14
193 11
194 10
195 15
196 16
197 17
198 12
199 11
200 13
201 21
202 16
203 15
204 14
205 10
206 8
207 17
208 14
209 10
210 22
211 17
212 14
213 25
214 18
215 21
216 15
217 22
218 14
219 11
220 20
221 14
222 11
223 18
224 17
225 27
226 27
227 26
228 21
229 33
230 34
231 35
232 35
233 28
234 28
235 27
236 31
237 28
238 27
239 35
240 36
241 21
242 27
243 22
244 45
245 40
246 47
247 40
248 26
249 36
250 37
251 35
252 24
253 15
254 22
255 17
256 27
257 30
258 25
259 32
260 27
261 60
262 34
263 52
264 40
265 74
266 50
267 37
268 57
269 39
270 33
271 22
272 30
273 40
274 51
275 53
276 51
277 56
278 89
279 67
280 53
281 97
282 88
283 74
284 99
285 105
286 64
287 44
288 63
289 66
290 73
291 35
292 39
293 43
294 40
295 43
296 53
297 70
298 98
299 50
300 51
301 64
302 23
303 28
304 42
305 69
306 27
307 19
308 13
309 30
310 23
311 29
312 18
313 30
314 39
315 23
316 19
317 28
318 21
319 33
320 37
321 72
322 28
323 26
324 30
325 28
326 25
327 26
328 36
329 33
330 36
331 33
332 25
333 40
334 23
335 59
336 54
337 111
338 59
339 44
340 41
341 44
342 42
343 37
344 49
345 21
346 39
347 36
348 37
349 52
350 41
351 60
352 76
353 62
354 40
355 48
356 56
357 23
358 29
359 24
360 49
361 30
362 45
363 45
364 46
365 23
366 31
367 43
368 35
369 35
370 53
371 43
372 79
373 41
374 39
375 28
376 59
377 33
378 59
379 65
380 47
381 48
382 62
383 45
384 35
385 14
386 35
387 52
388 99
389 61
390 56
391 43
392 68
393 53
394 51
395 62
396 58
397 54
398 21
399 50
400 32
401 22
402 98
403 62
404 39
405 43
406 44
407 31
408 47
409 22
410 29
411 35
412 36
413 14
414 22
415 45
416 39
417 31
418 65
419 34
420 19
421 14
422 19
423 17
424 52
425 25
426 39
427 33
428 24
429 28
430 33
431 47
432 13
433 20
434 38
435 26
436 27
437 18
438 19
439 31
440 58
441 35
442 57
443 30
444 39
445 27
446 35
447 37
448 19
449 19
450 71
451 64
452 37
453 40
454 61
455 55
456 44
457 30
458 42
459 25
460 33
461 20
462 31
463 18
464 17
465 26
466 49
467 37
468 46
469 32
470 49
471 23
472 31
473 45
474 89
475 53
476 27
477 32
478 39
479 26
480 35
481 29
482 54
483 40
484 35
485 26
486 41
487 29
488 21
489 34
490 44
491 17
492 23
493 47
494 39
495 47
496 50
497 31
498 65
499 72
500 34
501 46
502 49
503 59
504 46
505 19
506 35
507 28
508 60
509 40
510 47
511 38
512 40
513 24
514 46
515 28
516 43
517 49
518 60
519 77
520 73
521 27
522 71
523 55
524 78
525 39
526 61
527 47
528 38
529 48
530 65
531 34
532 63
533 46
534 95
535 56
536 45
537 30
538 31
539 31
540 13
541 12
542 19
543 15
544 17
545 12
546 20
547 25
548 29
549 24
550 44
551 27
552 23
553 22
554 15
555 46
556 18
557 25
558 16
559 12
560 21
561 31
562 27
563 37
564 27
565 31
566 68
567 20
568 22
569 24
570 41
571 62
572 46
573 40
574 24
575 26
576 53
577 53
578 45
579 21
580 26
581 41
582 24
583 31
584 27
585 44
586 52
587 74
588 61
589 35
590 68
591 67
592 56
593 55
594 60
595 44
596 92
597 29
598 39
599 42
600 46
601 69
602 39
603 75
604 92
605 41
606 77
607 38
608 55
609 31
610 22
611 27
612 22
613 9
614 21
615 14
616 18
617 25
618 16
619 8
620 13
621 17
622 22
623 25
624 13
625 12
626 9
627 20
628 16
629 4
630 26
631 20
632 18
633 32
634 15
635 15
636 17
637 41
638 63
639 23
640 37
641 35
642 47
643 57
644 52
645 14
646 79
647 89
648 94
649 91
650 54
651 76
652 89
653 124
654 140
655 62
656 49
657 65
658 98
659 207
660 58
661 35
662 164
663 36
664 72
665 132
666 44
667 98
668 87
669 67
670 62
671 70
672 45
673 45
674 62
675 53
676 30
677 54
678 32
679 21
680 10
681 33
682 12
683 21
684 29
685 21
686 39
687 48
688 39
689 26
690 22
691 35
692 35
693 33
694 24
695 23
696 18
697 32
698 24
699 22
700 22
701 41
702 33
703 34
704 36
705 19
706 31
707 28
708 35
709 22
710 11
711 14
712 14
713 17
714 15
715 19
716 29
717 21
718 26
719 38
720 29
721 21
722 19
723 40
724 31
725 29
726 16
727 26
728 33
729 54
730 29
731 43
732 61
733 42
734 66
735 59
736 50
737 33
738 44
739 91
740 71
741 74
742 51
743 70
744 50
745 106
746 60
747 85
748 66
749 40
750 38
751 60
752 28
753 23
754 39
755 66
756 82
757 72
758 67
759 50
760 43
761 53
762 50
763 51
764 45
765 23
766 22
767 34
768 25
769 44
770 16
771 42
772 31
773 53
774 35
775 44
776 32
777 38
778 38
779 32
780 33
781 13
782 16
783 19
784 17
785 44
786 37
787 49
788 39
789 37
790 29
791 34
792 21
793 19
794 10
795 14
796 21
797 17
798 30
799 24
800 29
801 45
802 17
803 44
804 46
805 18
806 15
807 22
808 18
809 25
810 28
811 37
812 32
813 33
814 43
815 44
816 45
817 47
818 14
819 21
820 30
821 16
822 25
823 26
824 20
825 31
826 18
827 26
828 33
829 18
830 27
831 28
832 42
833 58
834 23
835 29
836 38
837 15
838 16
839 30
840 27
841 55
842 54
843 44
844 47
845 39
846 36
847 72
848 78
849 75
850 38
851 42
852 34
853 28
854 29
855 62
856 31
857 108
858 97
859 57
860 70
861 49
862 24
863 81
864 69
865 40
866 34
867 26
868 25
869 12
870 37
871 43
872 39
873 54
874 63
875 70
876 54
877 30
878 23
879 17
880 24
881 17
882 37
883 36
884 25
885 24
886 36
887 36
888 21
889 33
890 20
891 49
892 50
893 22
894 13
895 13
896 28
897 26
898 68
899 47
900 30
901 40
902 47
903 24
904 26
905 20
906 26
907 54
908 55
909 40
910 41
911 39
912 42
913 36
914 86
915 68
916 50
917 76
918 80
919 59
920 33
921 56
922 42
923 71
924 48
925 26
926 18
927 9
928 19
929 20
930 16
931 12
932 21
933 25
934 24
935 47
936 38
937 45
938 19
939 56
940 52
941 34
942 28
943 21
944 52
945 37
946 21
947 26
948 43
949 59
950 61
951 55
952 106
953 98
954 31
955 52
956 71
957 50
958 32
959 41
960 100
961 64
962 44
963 47
964 61
965 64
966 51
967 59
968 100
969 98
970 45
971 48
972 46
973 37
974 53
975 62
976 104
977 81
978 57
979 44
980 56
981 25
982 20
983 11
984 22
985 28
986 24
987 31
988 31
989 25
990 36
991 88
992 46
993 45
994 11
995 24
996 20
997 16
998 20
999 23
1000 14
1001 25
1002 21
1003 27
1004 36
1005 21
1006 37
1007 37
1008 8
1009 21
1010 21
1011 14
1012 11
1013 29
1014 31
1015 29
1016 19
1017 23
1018 18
1019 34
1020 59
1021 41
1022 16
1023 26
1024 22
1025 31
1026 37
1027 17
1028 30
1029 24
1030 29
1031 31
1032 40
1033 64
1034 32
1035 37
1036 45
1037 20
1038 6
1039 19
1040 16
1041 14
1042 19
1043 22
1044 45
1045 19
1046 18
1047 38
1048 52
1049 63
1050 30
1051 35
1052 32
1053 20
1054 22
1055 32
1056 24
1057 33
1058 29
1059 20
1060 36
1061 28
1062 26
1063 78
1064 53
1065 37
1066 36
1067 41
1068 30
1069 33
1070 34
1071 38
1072 46
1073 65
1074 82
1075 68
1076 63
1077 62
1078 80
1079 42
1080 48
1081 43
1082 40
1083 85
1084 80
1085 38
1086 51
1087 31
1088 49
1089 61
1090 50
1091 40
1092 62
1093 49
1094 74
1095 58
1096 82
1097 45
1098 63
1099 71
1100 95
1101 66
1102 45
1103 59
1104 61
1105 45
1106 27
1107 27
1108 78
1109 58
1110 44
1111 53
1112 47
1113 79
1114 36
1115 54
1116 100
1117 30
1118 40
1119 55
1120 73
1121 71
1122 60
1123 51
1124 56
1125 50
1126 43
1127 49
1128 72
1129 34
1130 42
1131 57
1132 65
1133 23
1134 31
1135 25
1136 35
1137 74
1138 18
1139 24
1140 45
1141 21
1142 13
1143 11
1144 26
1145 25
1146 19
1147 14
1148 30
1149 18
1150 12
1151 18
1152 22
1153 40
1154 16
1155 14
1156 19
1157 13
1158 7
1159 15
1160 20
1161 16
1162 16
1163 7
1164 10
1165 15
1166 11
1167 36
1168 24
1169 33
1170 9
1171 12
1172 16
1173 8
1174 10
1175 23
1176 15
1177 26
1178 26
1179 27
1180 32
1181 33
1182 42
1183 83
1184 73
1185 53
1186 33
1187 39
1188 32
1189 22
1190 64
1191 91
1192 56
1193 40
1194 72
1195 74
1196 90
1197 75
1198 77
1199 117
1200 140
1201 55
1202 39
1203 60
1204 76
1205 45
1206 66
1207 202
1208 113
1209 88
1210 51
1211 72
1212 47
1213 84
1214 46
1215 59
1216 80
1217 28
1218 51
1219 43
1220 101
1221 38
1222 46
1223 87
1224 25
1225 31
1226 32
1227 39
1228 54
1229 30
1230 33
1231 38
1232 23
1233 19
1234 15
1235 39
1236 22
1237 21
1238 18
1239 21
1240 14
1241 8
1242 14
1243 16
1244 7
1245 7
1246 8
1247 7
1248 15
1249 18
1250 21
1251 11
1252 25
1253 8
1254 19
1255 27
1256 14
1257 19
1258 24
1259 10
1260 27
1261 19
1262 37
1263 28
1264 25
1265 28
1266 38
1267 26
1268 48
1269 23
1270 30
1271 60
1272 57
1273 60
1274 39
1275 35
1276 48
1277 37
1278 37
1279 40
1280 43
1281 33
1282 60
1283 57
1284 19
1285 12
1286 12
1287 46
1288 53
1289 41
1290 68
1291 38
1292 87
1293 87
1294 70
1295 51
1296 16
1297 24
1298 22
1299 33
1300 25
1301 14
1302 20
1303 48
1304 30
1305 38
1306 47
1307 41
1308 33
1309 56
1310 55
1311 52
1312 31
1313 40
1314 36
1315 43
1316 34
1317 32
1318 40
1319 51
1320 36
1321 42
1322 39
1323 57
1324 46
1325 70
1326 81
1327 92
1328 60
1329 45
1330 27
1331 32
1332 52
1333 41
1334 45
1335 44
1336 51
1337 11
1338 18
1339 30
1340 48
1341 75
1342 12
1343 31
1344 17
1345 43
1346 21
1347 19
1348 15
1349 23
1350 15
1351 43
1352 35
1353 23
1354 23
1355 55
1356 57
1357 58
1358 49
1359 36
1360 29
1361 28
1362 16
1363 30
1364 14
1365 13
1366 22
1367 56
1368 60
1369 41
1370 47
1371 62
1372 38
1373 43
1374 62
1375 60
1376 68
1377 35
1378 18
1379 47
1380 37
1381 39
1382 32
1383 33
1384 33
1385 47
1386 56
1387 31
1388 22
1389 29
1390 19
1391 29
1392 31
1393 8
1394 12
1395 26
1396 12
1397 17
1398 18
1399 25
1400 28
1401 31
1402 30
1403 13
1404 16
1405 31
1406 30
1407 39
1408 66
1409 25
1410 32
1411 56
1412 37
1413 51
1414 47
1415 48
1416 36
1417 53
1418 76
1419 40
1420 68
1421 67
1422 49
1423 69
1424 71
1425 32
1426 70
1427 114
1428 95
1429 62
1430 52
1431 54
1432 72
1433 104
1434 31
1435 39
1436 23
1437 24
1438 33
1439 28
1440 37
1441 41
1442 56
1443 52
1444 59
1445 15
1446 37
1447 23
1448 30
1449 51
1450 21
1451 48
1452 23
1453 10
1454 38
1455 28
1456 23
1457 28
1458 50
1459 41
1460 40
1461 7
1462 29
1463 39
1464 34
1465 33
1466 42
1467 45
1468 23
1469 26
1470 32
1471 38
1472 22
1473 27
1474 48
1475 45
1476 62
1477 23
1478 78
1479 52
1480 117
1481 85
1482 72
1483 89
1484 62
1485 40
1486 53
1487 89
1488 39
1489 51
1490 69
1491 51
1492 36
1493 47
1494 54
1495 87
1496 133
1497 99
1498 37
1499 87
1500 61
1501 60
1502 52
1503 95
1504 50
1505 49
1506 29
1507 15
1508 30
1509 28
1510 38
1511 43
1512 22
1513 18
1514 15
1515 19
1516 10
1517 14
1518 19
1519 32
1520 5
1521 7
1522 5
1523 8
1524 9
1525 6
1526 14
1527 12
1528 13
1529 19
1530 15
1531 12
1532 16
1533 31
1534 30
1535 26
1536 13
1537 17
1538 19
1539 37
1540 24
1541 18
1542 36
1543 31
1544 25
1545 31
1546 38
1547 54
1548 47
1549 66
1550 96
1551 74
1552 23
1553 23
1554 31
1555 67
1556 26
1557 29
1558 67
1559 37
1560 57
1561 36
1562 44
1563 31
1564 32
1565 53
1566 39
1567 46
1568 34
1569 13
1570 19
1571 27
1572 41
1573 42
1574 62
1575 46
1576 42
1577 53
1578 49
1579 38
1580 35
1581 42
1582 73
1583 82
1584 23
1585 31
1586 43
1587 31
1588 39
1589 28
1590 57
1591 40
1592 17
1593 52
1594 13
1595 34
1596 29
1597 35
1598 35
1599 29
1600 21
1601 25
1602 42
1603 18
1604 15
1605 21
1606 35
1607 45
1608 26
1609 54
1610 39
1611 48
1612 75
1613 57
1614 68
1615 32
1616 15
1617 45
1618 59
1619 35
1620 46
1621 35
1622 62
1623 68
1624 63
1625 72
1626 72
1627 69
1628 56
1629 44
1630 19
1631 22
1632 26
1633 43
1634 51
1635 71
1636 37
1637 37
1638 44
1639 26
1640 22
1641 30
1642 30
1643 37
1644 46
1645 52
1646 20
1647 18
1648 26
1649 18
1650 34
1651 83
1652 35
1653 33
1654 38
1655 24
1656 27
1657 37
1658 10
1659 12
1660 21
1661 24
1662 15
1663 19
1664 28
1665 21
1666 14
1667 33
1668 23
1669 25
1670 20
1671 16
1672 24
1673 51
1674 28
1675 36
1676 26
1677 19
1678 22
1679 31
1680 23
1681 18
1682 26
1683 42
1684 43
1685 31
1686 23
1687 42
1688 45
1689 54
1690 82
1691 60
1692 83
1693 72
1694 84
1695 92
1696 81
1697 78
1698 88
1699 55
1700 111
1701 115
1702 78
1703 93
1704 47
1705 98
1706 140
1707 86
1708 70
1709 107
1710 68
1711 47
1712 68
1713 50
1714 64
1715 61
1716 42
1717 44
1718 45
1719 47
1720 43
1721 38
1722 57
1723 37
1724 22
1725 30
1726 23
1727 17
1728 18
1729 13
1730 21
1731 11
1732 18
1733 14
1734 13
1735 11
1736 9
1737 16
1738 13
1739 12
1740 15
1741 15
1742 14
1743 10
1744 19
1745 18
1746 8
1747 21
1748 26
1749 29
1750 25
1751 27
1752 17
1753 33
1754 23
1755 29
1756 18
1757 33
1758 28
1759 37
1760 39
1761 54
1762 49
1763 47
1764 73
1765 86
1766 53
1767 111
1768 35
1769 79
1770 59
1771 50
1772 54
1773 66
1774 76
1775 47
1776 49
1777 61
1778 44
1779 54
1780 62
1781 78
1782 46
1783 105
1784 46
1785 60
1786 30
1787 34
1788 39
1789 25
1790 53
1791 37
1792 25
1793 41
1794 16
1795 33
1796 27
1797 55
1798 23
1799 27
1800 25
1801 14
1802 13
1803 24
1804 20
1805 31
1806 22
1807 26
1808 24
1809 49
1810 40
1811 53
1812 18
1813 66
1814 26
1815 39
1816 48
1817 39
1818 27
1819 54
1820 64
1821 64
1822 74
1823 59
1824 74
1825 80
1826 80
1827 74
1828 58
1829 102
1830 91
1831 87
1832 62
1833 50
1834 65
1835 51
1836 37
1837 65
1838 80
1839 51
1840 39
1841 42
1842 37
1843 39
1844 42
1845 31
1846 40
1847 31
1848 24
1849 27
1850 30
1851 37
1852 61
1853 40
1854 20
1855 36
1856 39
1857 71
1858 45
1859 35
1860 39
1861 40
1862 38
1863 31
1864 34
1865 42
1866 70
1867 34
1868 25
1869 23
1870 28
1871 36
1872 34
1873 81
1874 113
1875 58
1876 51
1877 30
1878 56
1879 31
1880 35
1881 49
1882 66
1883 46
1884 48
1885 28
1886 28
1887 21
1888 30
1889 44
1890 49
1891 36
1892 23
1893 22
1894 29
1895 26
1896 19
1897 18
1898 18
1899 19
1900 18
1901 20
1902 12
1903 13
1904 4
1905 14
1906 10
1907 24
1908 20
1909 10
1910 28
1911 17
1912 19
1913 26
1914 15
1915 19
1916 15
1917 30
1918 22
1919 20
1920 13
1921 36
1922 33
1923 30
1924 48
1925 36
1926 32
1927 35
1928 37
1929 20
1930 14
1931 14
1932 22
1933 31
1934 17
1935 26
1936 29
1937 43
1938 34
1939 26
1940 33
1941 26
1942 26
1943 39
1944 60
1945 33
1946 27
1947 14
1948 18
1949 29
1950 21
1951 52
1952 50
1953 40
1954 28
1955 26
1956 46
1957 27
1958 28
1959 31
1960 66
1961 60
1962 53
1963 31
1964 41
1965 24
1966 28
1967 69
1968 44
1969 50
1970 41
1971 30
1972 61
1973 38
1974 38
1975 55
1976 49
1977 47
1978 33
1979 43
1980 46
1981 20
1982 51
1983 63
1984 34
1985 38
1986 29
1987 21
1988 29
1989 26
1990 17
1991 29
1992 24
1993 27
1994 39
1995 23
1996 24
1997 19
1998 27
1999 37
2000 52
2001 28
2002 29
2003 19
2004 16
2005 34
2006 40
2007 55
2008 73
2009 70
2010 66
2011 64
2012 58
2013 58
2014 69
2015 110
2016 114
2017 65
2018 92
2019 107
2020 79
2021 86
2022 74
2023 154
2024 78
2025 67
2026 105
2027 63
2028 55
2029 57
2030 43
2031 158
2032 110
2033 31
2034 36
2035 49
2036 32
2037 60
2038 36
2039 52
2040 24
2041 25
2042 57
2043 15
2044 10
2045 22
2046 18
2047 56
2048 30
2049 10
2050 9
2051 18
2052 13
2053 31
2054 15
2055 21
2056 27
2057 25
2058 56
2059 35
2060 20
2061 34
2062 34
2063 69
2064 22
2065 18
2066 13
2067 18
2068 30
2069 32
2070 26
2071 17
2072 27
2073 45
2074 56
2075 68
2076 42
2077 51
2078 48
2079 97
2080 47
2081 36
2082 46
2083 55
2084 51
2085 41
2086 35
2087 59
2088 25
2089 95
2090 41
2091 45
2092 40
2093 57
2094 47
2095 23
2096 39
2097 54
2098 20
2099 40
2100 32
2101 27
2102 29
2103 21
2104 21
2105 24
2106 24
2107 16
2108 21
2109 36
2110 42
2111 12
2112 26
2113 22
2114 12
2115 26
2116 35
2117 29
2118 21
2119 29
2120 38
2121 37
2122 27
2123 21
2124 21
2125 26
2126 28
2127 13
2128 35
2129 26
2130 19
2131 17
2132 44
2133 55
2134 53
2135 85
2136 66
2137 59
2138 63
2139 85
2140 49
2141 67
2142 90
2143 59
2144 108
2145 62
2146 49
2147 45
2148 121
2149 44
2150 30
2151 24
2152 37
2153 38
2154 32
2155 78
2156 32
2157 60
2158 46
2159 40
2160 28
2161 37
2162 21
2163 9
2164 13
2165 6
2166 18
2167 13
2168 15
2169 10
2170 19
2171 17
2172 8
2173 20
2174 21
2175 11
2176 10
2177 7
2178 12
2179 5
2180 7
2181 8
2182 17
2183 19
2184 18
2185 22
2186 30
2187 20
2188 20
2189 28
2190 22
2191 28
2192 30
2193 20
2194 22
2195 25
2196 26
2197 25
2198 42
2199 51
2200 54
2201 60
2202 68
2203 43
2204 44
2205 66
2206 55
2207 45
2208 50
2209 40
2210 49
2211 69
2212 71
2213 40
2214 66
2215 88
2216 111
2217 107
2218 98
2219 88
2220 29
2221 64
2222 76
2223 76
2224 50
2225 47
2226 80
2227 78
2228 61
2229 48
2230 66
2231 23
2232 40
2233 53
2234 34
2235 43
2236 27
2237 26
2238 16
2239 13
2240 8
2241 10
2242 19
2243 13
2244 6
2245 17
2246 9
2247 7
2248 14
2249 9
2250 15
2251 21
2252 19
2253 14
2254 11
2255 13
2256 10
2257 18
2258 24
2259 9
2260 10
2261 19
2262 19
2263 28
2264 24
2265 18
2266 37
2267 31
2268 32
2269 28
2270 21
2271 19
2272 24
2273 38
2274 65
2275 53
2276 67
2277 63
2278 41
2279 101
2280 57
2281 44
2282 59
2283 33
2284 19
2285 47
2286 32
2287 19
2288 32
2289 44
2290 73
2291 86
2292 65
2293 69
2294 60
2295 86
2296 34
2297 51
2298 94
2299 40
2300 30
2301 43
2302 39
2303 42
2304 40
2305 20
2306 90
2307 83
2308 47
2309 68
2310 59
2311 127
2312 71
2313 45
2314 139
2315 79
2316 39
2317 49
2318 32
2319 20
2320 28
2321 25
2322 38
2323 111
2324 62
2325 43
2326 56
2327 93
2328 65
2329 28
2330 58
2331 101
2332 66
2333 98
2334 91
2335 43
2336 53
2337 44
2338 29
2339 46
2340 23
2341 24
2342 23
2343 26
2344 23
2345 15
2346 15
2347 48
2348 53
2349 46
2350 26
2351 15
2352 25
2353 13
2354 9
2355 14
2356 9
2357 7
2358 10
2359 6
2360 6
2361 12
2362 9
2363 10
2364 16
2365 18
2366 18
2367 15
2368 34
2369 19
2370 18
2371 21
2372 32
2373 36
2374 37
2375 43
2376 39
2377 55
2378 55
2379 48
2380 24
2381 54
2382 53
2383 28
2384 36
2385 45
2386 41
2387 56
2388 31
2389 26
2390 37
2391 32
2392 37
2393 46
2394 25
2395 66
2396 51
2397 38
2398 33
2399 43
2400 44
2401 37
2402 53
2403 40
2404 50
2405 49
2406 47
2407 36
2408 47
2409 40
2410 50
2411 32
2412 29
2413 24
2414 18
2415 25
2416 21
2417 32
2418 57
2419 19
2420 26
2421 16
2422 18
2423 12
2424 29
2425 18
2426 14
2427 21
2428 29
2429 11
2430 11
2431 24
2432 15
2433 23
2434 32
2435 13
2436 16
2437 11
2438 10
2439 12
2440 23
2441 23
2442 37
2443 43
2444 17
2445 15
2446 9
2447 27
2448 14
2449 33
2450 53
2451 35
2452 18
2453 26
2454 33
2455 51
2456 85
2457 37
2458 60
2459 40
2460 38
2461 27
2462 39
2463 42
2464 23
2465 38
2466 21
2467 27
2468 12
2469 18
2470 24
2471 41
2472 41
2473 41
2474 35
2475 27
2476 40
2477 33
2478 76
2479 62
2480 42
2481 53
2482 47
2483 37
2484 27
2485 16
2486 45
2487 55
2488 51
2489 38
2490 28
2491 25
2492 39
2493 65
2494 117
2495 54
2496 58
2497 52
2498 31
2499 39
2500 50
2501 21
2502 29
2503 42
2504 21
2505 28
2506 27
2507 35
2508 26
2509 45
2510 43
2511 21
2512 16
2513 18
2514 20
2515 27
2516 29
2517 33
2518 28
2519 37
2520 50
2521 41
2522 47
2523 39
2524 26
2525 32
2526 50
2527 33
2528 41
2529 34
2530 25
2531 32
2532 29
2533 27
2534 29
2535 45
2536 80
2537 99
2538 62
2539 52
2540 77
2541 71
2542 86
2543 109
2544 133
2545 65
2546 74
2547 62
2548 70
2549 80
2550 113
2551 36
2552 78
2553 82
2554 55
2555 90
2556 73
2557 45
2558 47
2559 88
2560 47
2561 43
2562 57
2563 28
2564 67
2565 46
2566 54
2567 11
2568 28
2569 31
2570 32
2571 27
2572 60
2573 28
2574 25
2575 37
2576 22
2577 28
2578 24
2579 27
2580 38
2581 19
2582 17
2583 12
2584 16
2585 28
2586 48
2587 39
2588 43
2589 28
2590 44
2591 37
2592 44
2593 52
2594 29
2595 28
2596 50
2597 23
2598 34
2599 27
2600 23
2601 47
2602 39
2603 36
2604 29
2605 7
2606 13
2607 21
2608 22
2609 39
2610 43
2611 36
2612 69
2613 34
2614 31
2615 27
2616 40
2617 42
2618 41
2619 27
2620 39
2621 21
2622 31
2623 28
2624 17
2625 26
2626 35
2627 55
2628 105
2629 34
2630 34
2631 36
2632 59
2633 21
2634 39
2635 31
2636 41
2637 15
2638 47
2639 28
2640 33
2641 31
2642 42
2643 64
2644 86
2645 58
2646 51
2647 39
2648 71
2649 55
2650 108
2651 71
2652 76
2653 24
2654 41
2655 35
2656 59
2657 52
2658 51
2659 62
2660 85
2661 50
2662 39
2663 49
2664 63
2665 49
2666 44
2667 51
2668 58
2669 30
2670 53
2671 65
2672 35
2673 29
2674 29
2675 37
2676 15
2677 41
2678 31
2679 32
2680 34
2681 25
2682 32
2683 14
2684 23
2685 19
2686 28
2687 27
2688 32
2689 36
2690 36
2691 38
2692 24
2693 42
2694 40
2695 44
2696 56
2697 50
2698 42
2699 44
2700 22
2701 28
2702 46
2703 44
2704 79
2705 71
2706 66
2707 42
2708 28
2709 50
2710 52
2711 57
2712 61
2713 36
2714 38
2715 42
2716 61
2717 35
2718 45
2719 35
2720 60
2721 33
2722 50
2723 32
2724 27
2725 40
2726 37
2727 15
2728 34
2729 41
2730 26
2731 27
2732 18
2733 9
2734 16
2735 39
2736 56
2737 45
2738 43
2739 39
2740 35
2741 44
2742 25
2743 20
2744 35
2745 33
2746 36
2747 46
2748 25
2749 23
2750 20
2751 32
2752 37
2753 16
2754 26
2755 22
2756 32
2757 26
2758 11
2759 10
2760 29
2761 32
2762 40
2763 28
2764 23
2765 39
2766 28
2767 46
2768 59
2769 45
2770 38
2771 48
2772 77
2773 34
2774 46
2775 44
2776 66
2777 50
2778 30
2779 18
2780 30
2781 19
2782 24
2783 14
2784 14
2785 18
2786 16
2787 17
2788 55
2789 42
2790 51
2791 64
2792 79
2793 45
2794 18
2795 34
2796 28
2797 22
2798 15
2799 24
2800 19
2801 18
2802 35
2803 40
2804 38
2805 41
2806 52
2807 39
2808 91
2809 45
2810 21
2811 26
2812 26
2813 31
2814 22
2815 26
2816 22
2817 19
2818 44
2819 52
2820 23
2821 34
2822 19
2823 32
2824 45
2825 23
2826 14
2827 33
2828 29
2829 29
2830 36
2831 29
2832 48
2833 32
2834 55
2835 40
2836 44
2837 56
2838 58
2839 38
2840 65
2841 50
2842 40
2843 73
2844 55
2845 35
2846 36
2847 51
2848 38
2849 31
2850 33
2851 40
2852 58
2853 19
2854 27
2855 33
2856 25
2857 32
2858 33
2859 64
2860 40
2861 35
2862 19
2863 19
2864 39
2865 44
2866 39
2867 22
2868 52
2869 31
2870 35
2871 41
2872 45
2873 59
2874 66
2875 60
2876 37
2877 40
2878 18
2879 18
2880 88
2881 89
2882 47
2883 51
2884 66
2885 68
2886 92
2887 117
2888 125
2889 76
2890 95
2891 49
2892 41
2893 53
2894 47
2895 41
2896 102
2897 39
2898 21
2899 73
2900 56
2901 57
2902 45
2903 49
2904 94
2905 48
2906 30
2907 33
2908 36
2909 69
2910 80
2911 53
2912 60
2913 24
2914 25
2915 19
2916 10
2917 23
2918 25
2919 32
2920 51
2921 54
2922 19
2923 22
2924 18
2925 32
2926 54
2927 21
2928 38
2929 17
2930 16
2931 18
2932 13
2933 16
2934 25
2935 31
2936 36
2937 47
2938 21
2939 47
2940 32
2941 33
2942 34
2943 38
2944 66
2945 48
2946 43
2947 51
2948 30
2949 45
2950 71
2951 63
2952 82
2953 89
2954 65
2955 78
2956 62
2957 58
2958 47
2959 104
2960 71
2961 38
2962 29
2963 24
2964 29
2965 26
2966 49
2967 41
2968 43
2969 39
2970 27
2971 32
2972 28
2973 35
2974 23
2975 29
2976 21
2977 25
2978 29
2979 11
2980 21
2981 34
2982 27
2983 15
2984 28
2985 8
2986 10
2987 15
2988 12
2989 16
2990 13
2991 18
2992 26
2993 14
2994 28
2995 18
2996 28
2997 27
2998 27
2999 19
3000 20
3001 19
3002 30
3003 42
3004 32
3005 25
3006 18
3007 56
3008 55
3009 36
3010 37
3011 40
3012 33
3013 34
3014 78
3015 56
3016 40
3017 30
3018 56
3019 61
3020 44
3021 40
3022 42
3023 72
3024 82
3025 52
3026 31
3027 53
3028 45
3029 41
3030 43
3031 24
3032 23
3033 23
3034 42
3035 47
3036 66
3037 50
3038 45
3039 35
3040 80
3041 52
3042 40
3043 37
3044 47
3045 51
3046 31
3047 35
3048 32
3049 71
3050 47
3051 60
3052 48
3053 66
3054 36
3055 58
3056 90
3057 33
3058 48
3059 88
3060 88
3061 110
3062 59
3063 38
3064 41
3065 38
3066 56
3067 26
3068 34
3069 42
3070 17
3071 15
3072 32
3073 13
3074 34
3075 17
3076 37
3077 27
3078 33
3079 27
3080 13
3081 35
3082 28
3083 29
3084 23
3085 26
3086 24
3087 20
3088 31
3089 20
3090 60
3091 27
3092 41
3093 26
3094 40
3095 33
3096 24
3097 52
3098 49
3099 44
3100 56
3101 72
3102 46
3103 43
3104 71
3105 65
3106 78
3107 43
3108 60
3109 49
3110 64
3111 28
3112 47
3113 56
3114 48
3115 44
3116 28
3117 47
3118 44
3119 94
3120 135
3121 56
3122 21
3123 32
3124 30
3125 22
3126 43
3127 38
3128 38
3129 29
3130 37
3131 25
3132 22
3133 63
3134 37
3135 34
3136 68
3137 30
3138 20
3139 37
3140 31
3141 28
3142 54
3143 43
3144 24
3145 27
3146 38
3147 34
3148 46
3149 106
3150 30
3151 49
3152 65
3153 64
3154 59
3155 32
3156 25
3157 35
3158 80
3159 38
3160 26
3161 23
3162 47
3163 17
3164 18
3165 43
3166 23
3167 23
3168 33
3169 27
3170 17
3171 8
3172 19
3173 18
3174 27
3175 22
3176 20
3177 13
3178 21
3179 27
3180 12
3181 37
3182 28
3183 26
3184 41
3185 30
3186 19
3187 16
3188 26
3189 16
3190 7
3191 12
3192 15
3193 19
3194 20
3195 35
3196 31
3197 29
3198 8
3199 19
3200 28
3201 19
3202 10
3203 18
3204 20
3205 21
3206 24
3207 27
3208 27
3209 21
3210 32
3211 26
3212 14
3213 31
3214 26
3215 33
3216 56
3217 48
3218 32
3219 66
3220 48
3221 40
3222 54
3223 78
3224 116
3225 79
3226 66
3227 82
3228 36
3229 79
3230 33
3231 65
3232 60
3233 42
3234 62
3235 121
3236 41
3237 66
3238 84
3239 47
3240 98
3241 60
3242 81
3243 102
3244 46
3245 89
3246 53
3247 46
3248 93
3249 68
3250 85
3251 71
3252 34
3253 34
3254 33
3255 24
3256 34
3257 40
3258 11
3259 32
3260 31
3261 21
3262 12
3263 32
3264 34
3265 54
3266 45
3267 28
3268 21
3269 24
3270 30
3271 18
3272 22
3273 21
3274 18
3275 37
3276 33
3277 31
3278 34
3279 43
3280 29
3281 24
3282 26
3283 20
3284 28
3285 43
3286 37
3287 35
3288 35
3289 44
3290 41
3291 47
3292 42
3293 69
3294 67
3295 79
3296 71
3297 33
3298 50
3299 34
3300 47
3301 53
3302 80
3303 63
3304 47
3305 93
3306 63
3307 50
3308 44
3309 54
3310 25
3311 44
3312 63
3313 69
3314 30
3315 23
3316 22
3317 26
3318 33
3319 28
3320 35
3321 37
3322 26
3323 22
3324 12
3325 10
3326 14
3327 19
3328 15
3329 17
3330 15
3331 7
3332 15
3333 15
3334 20
3335 13
3336 16
3337 11
3338 19
3339 17
3340 6
3341 10
3342 23
3343 27
3344 24
3345 13
3346 7
3347 4
3348 14
3349 19
3350 18
3351 13
3352 12
3353 25
3354 14
3355 36
3356 32
3357 32
3358 41
3359 42
3360 30
3361 65
3362 36
3363 36
3364 55
3365 73
3366 82
3367 72
3368 83
3369 52
3370 31
3371 56
3372 27
3373 35
3374 102
3375 61
3376 71
3377 150
3378 111
3379 59
3380 79
3381 100
3382 62
3383 94
3384 98
3385 103
3386 57
3387 76
3388 29
3389 31
3390 75
3391 65
3392 114
3393 72
3394 70
3395 43
3396 37
3397 22
3398 36
3399 40
3400 30
3401 19
3402 17
3403 21
3404 10
3405 13
3406 15
3407 5
3408 21
3409 24
3410 37
3411 15
3412 8
3413 14
3414 7
3415 21
3416 15
3417 14
3418 11
3419 16
3420 13
3421 8
3422 13
3423 15
3424 22
3425 26
3426 37
3427 20
3428 8
3429 12
3430 14
3431 39
3432 19
3433 30
3434 10
3435 24
3436 16
3437 12
3438 15
3439 26
3440 44
3441 36
3442 39
3443 19
3444 23
3445 26
3446 42
3447 36
3448 25
3449 39
3450 47
3451 48
3452 49
3453 31
3454 36
3455 35
3456 42
3457 61
3458 58
3459 39
3460 32
3461 47
3462 126
3463 111
3464 94
3465 94
3466 131
3467 118
3468 119
3469 64
3470 40
3471 35
3472 45
3473 38
3474 43
3475 26
3476 28
3477 18
3478 50
3479 80
3480 26
3481 32
3482 37
3483 30
3484 39
3485 43
3486 28
3487 35
3488 35
3489 30
3490 32
3491 20
3492 36
3493 55
3494 55
3495 64
3496 31
3497 46
3498 26
3499 32
3500 33
3501 48
3502 28
3503 33
3504 54
3505 45
3506 45
3507 27
3508 66
3509 58
3510 64
3511 50
3512 21
3513 25
3514 29
3515 37
3516 36
3517 63
3518 53
3519 69
3520 68
3521 80
3522 94
3523 62
3524 74
3525 35
3526 60
3527 35
3528 36
3529 21
3530 37
3531 38
3532 43
3533 61
3534 25
3535 40
3536 44
3537 36
3538 74
3539 80
3540 33
3541 18
3542 61
3543 43
3544 48
3545 47
3546 45
3547 20
3548 36
3549 28
3550 28
3551 26
3552 12
3553 17
3554 24
3555 51
3556 27
3557 15
3558 16
3559 5
3560 6
3561 9
3562 10
3563 12
3564 14
3565 11
3566 11
3567 13
3568 17
3569 12
3570 16
3571 21
3572 10
3573 13
3574 14
3575 8
3576 5
3577 17
3578 20
3579 23
3580 23
3581 20
3582 17
3583 17
3584 19
3585 22
3586 8
3587 13
3588 11
3589 14
3590 24
3591 21
3592 19
3593 43
3594 42
3595 45
3596 40
3597 43
3598 35
3599 31
3600 41
3601 29
3602 18
3603 30
3604 34
3605 48
3606 26
3607 29
3608 36
3609 54
3610 45
3611 49
3612 38
3613 57
3614 28
3615 34
3616 44
3617 42
3618 36
3619 38
3620 28
3621 31
3622 49
3623 23
3624 49
3625 91
3626 73
3627 152
3628 94
3629 198
3630 117
3631 93
3632 108
3633 131
3634 95
3635 85
3636 49
3637 67
3638 104
3639 102
3640 156
3641 97
3642 100
3643 148
3644 94
3645 72
3646 53
3647 45
3648 36
3649 46
3650 39
3651 25
3652 10
3653 15
3654 35
3655 24
3656 11
3657 32
3658 17
3659 5
3660 12
3661 9
3662 8
3663 24
3664 14
3665 8
3666 7
3667 6
3668 4
3669 8
3670 4
3671 10
3672 6
3673 8
3674 8
3675 7
3676 4
3677 9
3678 4
3679 6
3680 1
3681 9
3682 15
3683 14
3684 11
3685 19
3686 18
3687 17
3688 12
3689 18
3690 17
3691 24
3692 28
3693 33
3694 32
3695 29
3696 20
3697 37
3698 42
3699 49
3700 37
3701 40
3702 17
3703 27
3704 27
3705 32
3706 28
3707 53
3708 42
3709 26
3710 39
3711 39
3712 36
3713 77
3714 48
3715 93
3716 59
3717 33
3718 39
3719 55
3720 67
3721 51
3722 79
3723 133
3724 72
3725 47
3726 38
3727 51
3728 87
3729 97
3730 116
3731 130
3732 81
3733 69
3734 46
3735 104
3736 81
3737 58
3738 31
3739 55
3740 39
3741 21
3742 30
3743 30
3744 48
3745 32
3746 37
3747 43
3748 24
3749 25
3750 19
3751 34
3752 31
3753 20
3754 16
3755 38
3756 31
3757 25
3758 27
3759 51
3760 37
3761 41
3762 34
3763 32
3764 26
3765 21
3766 26
3767 35
3768 42
3769 47
3770 38
3771 55
3772 78
3773 57
3774 79
3775 53
3776 66
3777 46
3778 23
3779 37
3780 38
3781 58
3782 59
3783 81
3784 102
3785 89
3786 61
3787 45
3788 68
3789 30
3790 24
3791 13
3792 26
3793 13
3794 17
3795 28
3796 26
3797 30
3798 23
3799 22
3800 9
3801 37
3802 27
3803 21
3804 34
3805 32
3806 19
3807 13
3808 17
3809 24
3810 24
3811 39
3812 29
3813 27
3814 22
3815 35
3816 18
3817 16
3818 25
3819 26
3820 74
3821 31
3822 35
3823 27
3824 28
3825 32
3826 41
3827 37
3828 48
3829 39
3830 22
3831 16
3832 21
3833 20
3834 27
3835 20
3836 28
3837 18
3838 21
3839 15
3840 36
3841 30
3842 58
3843 53
3844 47
3845 49
3846 56
3847 42
3848 55
3849 36
3850 45
3851 47
3852 54
3853 27
3854 34
3855 35
3856 30
3857 48
3858 99
3859 90
3860 60
3861 31
3862 44
3863 41
3864 29
3865 23
3866 23
3867 21
3868 19
3869 16
3870 9
3871 20
3872 15
3873 36
3874 42
3875 32
3876 30
3877 31
3878 34
3879 47
3880 45
3881 29
3882 20
3883 22
3884 35
3885 19
3886 27
3887 14
3888 26
3889 61
3890 43
3891 70
3892 61
3893 64
3894 54
3895 70
3896 19
3897 29
3898 35
3899 43
3900 24
3901 16
3902 28
3903 28
3904 35
3905 23
3906 36
3907 27
3908 33
3909 55
3910 45
3911 39
3912 39
3913 47
3914 53
3915 58
3916 70
3917 51
3918 54
3919 76
3920 92
3921 93
3922 81
3923 67
3924 81
3925 47
3926 51
3927 75
3928 59
3929 49
3930 43
3931 73
3932 53
3933 41
3934 57
3935 34
3936 66
3937 26
3938 49
3939 52
3940 82
3941 42
3942 49
3943 25
3944 45
3945 35
3946 33
3947 86
3948 35
3949 34
3950 55
3951 51
3952 62
3953 50
3954 96
3955 60
3956 38
3957 35
3958 55
3959 29
3960 43
3961 30
3962 31
3963 95
3964 63
3965 62
3966 48
3967 30
3968 25
3969 30
3970 43
3971 40
3972 31
3973 47
3974 44
3975 31
3976 35
3977 31
3978 35
3979 36
3980 52
3981 39
3982 38
3983 29
3984 42
3985 34
3986 45
3987 42
3988 21
3989 58
3990 54
3991 53
3992 36
3993 39
3994 57
3995 54
3996 57
3997 39
3998 48
3999 30
4000 50
4001 36
4002 47
4003 40
4004 28
4005 26
4006 35
4007 49
4008 52
4009 48
4010 42
4011 29
4012 33
4013 30
4014 24
4015 22
4016 38
4017 35
4018 10
4019 17
4020 22
4021 37
4022 27
4023 51
4024 46
4025 27
4026 24
4027 20
4028 25
4029 50
4030 40
4031 17
4032 14
4033 28
4034 17
4035 21
4036 16
4037 33
4038 24
4039 27
4040 33
4041 30
4042 22
4043 27
4044 28
4045 67
4046 50
4047 27
4048 26
4049 63
4050 30
4051 34
4052 35
4053 26
4054 35
4055 50
4056 34
4057 33
4058 38
4059 33
4060 36
4061 105
4062 47
4063 36
4064 37
4065 70
4066 48
4067 47
4068 32
4069 28
4070 24
4071 44
4072 23
4073 16
4074 29
4075 20
4076 22
4077 40
4078 21
4079 19
4080 5
4081 17
4082 12
4083 21
4084 18
4085 24
4086 9
4087 12
4088 6
4089 7
4090 25
4091 5
4092 6
4093 13
4094 7
4095 12
4096 14
4097 16
4098 15
4099 14
4100 15
4101 16
4102 13
4103 16
4104 15
4105 19
4106 52
4107 30
4108 24
4109 33
4110 41
4111 47
4112 53
4113 57
4114 20
4115 26
4116 37
4117 59
4118 21
4119 35
4120 29
4121 51
4122 41
4123 41
4124 43
4125 41
4126 61
4127 59
4128 122
4129 74
4130 75
4131 57
4132 71
4133 65
4134 44
4135 39
4136 48
4137 45
4138 39
4139 33
4140 38
4141 64
4142 39
4143 108
4144 222
4145 51
4146 65
4147 73
4148 63
4149 45
4150 33
4151 31
4152 26
4153 50
4154 28
4155 22
4156 33
4157 71
4158 76
4159 61
4160 115
4161 41
4162 29
4163 50
4164 34
4165 29
4166 18
4167 21
4168 27
4169 32
4170 35
4171 24
4172 30
4173 62
4174 84
4175 68
4176 66
4177 33
4178 33
4179 28
4180 35
4181 31
4182 35
4183 18
4184 41
4185 46
4186 27
4187 22
4188 22
4189 36
4190 63
4191 51
4192 74
4193 45
4194 14
4195 15
4196 18
4197 21
4198 31
4199 15
4200 18
4201 16
4202 21
4203 32
4204 19
4205 30
4206 40
4207 40
4208 43
4209 40
4210 24
4211 14
4212 16
4213 15
4214 17
4215 21
4216 17
4217 21
4218 20
4219 51
4220 51
4221 67
4222 81
4223 89
4224 77
4225 55
4226 37
4227 29
4228 20
4229 43
4230 21
4231 57
4232 38
4233 79
4234 95
4235 107
4236 103
4237 33
4238 65
4239 77
4240 51
4241 37
4242 26
4243 23
4244 16
4245 24
4246 22
4247 39
4248 29
4249 22
4250 54
4251 64
4252 27
4253 12
4254 20
4255 21
4256 24
4257 23
4258 26
4259 11
4260 12
4261 16
4262 23
4263 20
4264 34
4265 15
4266 46
4267 88
4268 69
4269 41
4270 46
4271 56
4272 44
4273 48
4274 36
4275 18
4276 33
4277 32
4278 42
4279 30
4280 57
4281 36
4282 75
4283 33
4284 49
4285 54
4286 53
4287 31
4288 36
4289 66
4290 57
4291 62
4292 38
4293 36
4294 45
4295 48
4296 23
4297 16
4298 38
4299 22
4300 18
4301 9
4302 8
4303 19
4304 13
4305 23
4306 29
4307 18
4308 14
4309 11
4310 8
4311 12
4312 9
4313 9
4314 9
4315 10
4316 9
4317 14
4318 13
4319 17
4320 10
4321 28
4322 37
4323 36
4324 31
4325 31
4326 41
4327 40
4328 44
4329 40
4330 37
4331 45
4332 20
4333 32
4334 44
4335 58
4336 68
4337 59
4338 71
4339 49
4340 69
4341 80
4342 83
4343 80
4344 114
4345 134
4346 109
4347 143
4348 89
4349 82
4350 65
4351 108
4352 114
4353 76
4354 56
4355 97
4356 111
4357 49
4358 42
4359 46
4360 51
4361 61
4362 82
4363 75
4364 40
4365 48
4366 35
4367 55
4368 55
4369 25
4370 27
4371 35
4372 22
4373 12
4374 9
4375 16
4376 22
4377 33
4378 5
4379 10
4380 16
4381 16
4382 12
4383 10
4384 6
4385 19
4386 22
4387 14
4388 14
4389 15
4390 9
4391 21
4392 19
4393 12
4394 3
4395 15
4396 13
4397 5
4398 9
4399 13
4400 11
4401 17
4402 19
4403 23
4404 24
4405 17
4406 18
4407 19
4408 30
4409 29
4410 20
4411 43
4412 42
4413 49
4414 37
4415 50
4416 45
4417 44
4418 56
4419 41
4420 20
4421 28
4422 39
4423 50
4424 37
4425 38
4426 28
4427 32
4428 28
4429 26
4430 37
4431 54
4432 46
4433 69
4434 34
4435 46
4436 29
4437 24
4438 41
4439 28
4440 54
4441 46
4442 59
4443 63
4444 59
4445 76
4446 91
4447 140
4448 65
4449 72
4450 56
4451 51
4452 49
4453 26
4454 43
4455 29
4456 53
4457 50
4458 39
4459 54
4460 55
4461 73
4462 69
4463 111
4464 41
4465 63
4466 42
4467 55
4468 28
4469 30
4470 23
4471 12
4472 13
4473 25
4474 21
4475 22
4476 14
4477 18
4478 21
4479 33
4480 23
4481 26
4482 22
4483 29
4484 22
4485 36
4486 26
4487 17
4488 27
4489 46
4490 42
4491 30
4492 37
4493 24
4494 27
4495 34
4496 43
4497 56
4498 43
4499 45
4500 62
4501 27
4502 30
4503 27
4504 60
4505 49
4506 63
4507 45
4508 28
4509 21
4510 34
4511 55
4512 58
4513 82
4514 43
4515 29
4516 32
4517 17
4518 21
4519 29
4520 35
4521 20
4522 26
4523 23
4524 35
4525 14
4526 42
4527 47
4528 76
4529 87
4530 39
4531 49
4532 46
4533 22
4534 24
4535 33
4536 45
4537 23
4538 70
4539 63
4540 43
4541 42
4542 50
4543 60
4544 78
4545 117
4546 71
4547 88
4548 105
4549 76
4550 60
4551 77
4552 80
4553 29
4554 91
4555 97
4556 80
4557 109
4558 121
4559 81
4560 65
4561 50
4562 35
4563 95
4564 81
4565 62
4566 30
4567 27
4568 23
4569 15
4570 28
4571 63
4572 21
4573 52
4574 40
4575 50
4576 46
4577 54
4578 57
4579 35
4580 66
4581 15
4582 15
4583 12
4584 14
4585 17
4586 28
4587 28
4588 33
4589 24
4590 37
4591 45
4592 37
4593 25
4594 25
4595 16
4596 17
4597 10
4598 12
4599 8
4600 11
4601 25
4602 16
4603 33
4604 25
4605 16
4606 15
4607 16
4608 19
4609 21
4610 12
4611 13
4612 9
4613 7
4614 9
4615 7
4616 11
4617 13
4618 12
4619 21
4620 34
4621 16
4622 12
4623 6
4624 19
4625 30
4626 16
4627 30
4628 36
4629 28
4630 35
4631 35
4632 46
4633 52
4634 24
4635 58
4636 38
4637 37
4638 21
4639 22
4640 33
4641 53
4642 60
4643 54
4644 65
4645 64
4646 61
4647 43
4648 54
4649 43
4650 52
4651 92
4652 58
4653 55
4654 46
4655 40
4656 53
4657 58
4658 38
4659 56
4660 90
4661 108
4662 78
4663 53
4664 45
4665 49
4666 48
4667 66
4668 65
4669 44
4670 58
4671 43
4672 45
4673 17
4674 13
4675 29
4676 14
4677 14
4678 11
4679 11
4680 4
4681 7
4682 10
4683 21
4684 18
4685 16
4686 31
4687 12
4688 10
4689 7
4690 11
4691 15
4692 8
4693 8
4694 9
4695 21
4696 22
4697 12
4698 25
4699 25
4700 14
4701 15
4702 21
4703 20
4704 20
4705 10
4706 26
4707 17
4708 14
4709 20
4710 26
4711 63
4712 56
4713 48
4714 60
4715 23
4716 27
4717 37
4718 65
4719 34
4720 23
4721 24
4722 41
4723 35
4724 27
4725 29
4726 59
4727 93
4728 181
4729 111
4730 161
4731 104
4732 91
4733 81
4734 61
4735 36
4736 41
4737 47
4738 77
4739 93
4740 65
4741 32
4742 85
4743 71
4744 124
4745 70
4746 42
4747 58
4748 97
4749 43
4750 37
4751 21
4752 19
4753 20
4754 33
4755 38
4756 28
4757 44
4758 32
4759 40
4760 36
4761 18
4762 44
4763 43
4764 57
4765 44
4766 16
4767 19
4768 25
4769 27
4770 53
4771 19
4772 9
4773 17
4774 23
4775 33
4776 26
4777 33
4778 41
4779 34
4780 15
4781 26
4782 11
4783 12
4784 13
4785 24
4786 17
4787 20
4788 14
4789 26
4790 15
4791 39
4792 43
4793 39
4794 43
4795 52
4796 30
4797 45
4798 36
4799 40
4800 57
4801 59
4802 55
4803 47
4804 53
4805 46
4806 34
4807 70
4808 53
4809 73
4810 23
4811 23
4812 31
4813 51
4814 53
4815 79
4816 89
4817 33
4818 36
4819 21
4820 27
4821 20
4822 14
4823 15
4824 21
4825 26
4826 11
4827 26
4828 23
4829 30
4830 29
4831 19
4832 23
4833 5
4834 18
4835 23
4836 12
4837 3
4838 0
4839 6
4840 12
4841 18
4842 20
4843 21
4844 27
4845 29
4846 51
4847 21
4848 35
4849 17
4850 49
4851 46
4852 38
4853 27
4854 21
4855 31
4856 45
4857 48
4858 67
4859 37
4860 52
4861 58
4862 153
4863 97
4864 100
4865 73
4866 112
4867 137
4868 123
4869 141
4870 91
4871 63
4872 55
4873 41
4874 42
4875 22
4876 45
4877 83
4878 56
4879 39
4880 49
4881 73
4882 87
4883 120
4884 86
4885 101
4886 83
4887 41
4888 42
4889 38
4890 24
4891 29
4892 53
4893 37
4894 42
4895 17
4896 20
4897 32
4898 59
4899 61
4900 62
4901 44
4902 35
4903 13
4904 11
4905 10
4906 15
4907 15
4908 18
4909 22
4910 32
4911 25
4912 35
4913 50
4914 43
4915 63
4916 69
4917 51
4918 39
4919 40
4920 38
4921 15
4922 25
4923 14
4924 29
4925 29
4926 42
4927 42
4928 57
4929 23
4930 28
4931 41
4932 31
4933 8
4934 15
4935 19
4936 14
4937 20
4938 26
4939 22
4940 18
4941 25
4942 55
4943 55
4944 73
4945 43
4946 40
4947 48
4948 50
4949 43
4950 39
4951 70
4952 52
4953 46
4954 64
4955 52
4956 39
4957 51
4958 91
4959 81
4960 41
4961 25
4962 25
4963 46
4964 57
4965 42
4966 51
4967 50
4968 25
4969 41
4970 44
4971 72
4972 49
4973 32
4974 40
4975 33
4976 36
4977 39
4978 27
4979 39
4980 51
4981 37
4982 42
4983 38
4984 32
4985 25
4986 54
4987 86
4988 40
4989 27
4990 25
4991 16
4992 25
4993 30
4994 19
4995 14
4996 21
4997 17
4998 19
4999 33
5000 24
5001 19
5002 72
5003 77
5004 53
5005 42
5006 13
5007 12
5008 14
5009 20
5010 20
5011 15
5012 18
5013 16
5014 28
5015 35
5016 28
5017 48
5018 57
5019 90
5020 79
5021 45
5022 36
5023 48
5024 63
5025 52
5026 41
5027 57
5028 79
5029 72
5030 87
5031 75
5032 103
5033 147
5034 84
5035 147
5036 101
5037 70
5038 48
5039 136
5040 136
5041 97
5042 82
5043 61
5044 51
5045 57
5046 55
5047 26
5048 23
5049 30
5050 46
5051 18
5052 36
5053 20
5054 27
5055 30
5056 43
5057 43
5058 40
5059 23
5060 9
5061 8
5062 15
5063 12
5064 10
5065 13
5066 9
5067 9
5068 13
5069 9
5070 11
5071 8
5072 24
5073 23
5074 18
5075 32
5076 11
5077 23
5078 10
5079 25
5080 17
5081 20
5082 18
5083 17
5084 22
5085 18
5086 26
5087 15
5088 27
5089 26
5090 19
5091 37
5092 17
5093 29
5094 27
5095 35
5096 44
5097 48
5098 40
5099 21
5100 23
5101 18
5102 23
5103 23
5104 43
5105 22
5106 19
5107 34
5108 16
5109 15
5110 14
5111 47
5112 42
5113 38
5114 47
5115 44
5116 36
5117 26
5118 29
5119 42
5120 35
5121 38
5122 17
5123 31
5124 22
5125 29
5126 29
5127 22
5128 44
5129 30
5130 47
5131 30
5132 19
5133 16
5134 28
5135 35
5136 17
5137 40
5138 22
5139 42
5140 42
5141 40
5142 28
5143 26
5144 71
5145 30
5146 55
5147 49
5148 43
5149 54
5150 45
5151 42
5152 23
5153 34
5154 27
5155 28
5156 30
5157 21
5158 32
5159 17
5160 55
5161 41
5162 71
5163 51
5164 63
5165 75
5166 49
5167 66
5168 37
5169 35
5170 27
5171 22
5172 14
5173 22
5174 22
5175 30
5176 47
5177 71
5178 65
5179 80
5180 65
5181 49
5182 33
5183 46
5184 33
5185 48
5186 53
5187 54
5188 28
5189 43
5190 28
5191 71
5192 54
5193 56
5194 44
5195 64
5196 52
5197 54
5198 29
5199 16
5200 22
5201 32
5202 34
5203 41
5204 61
5205 24
5206 21
5207 29
5208 28
5209 37
5210 55
5211 42
5212 22
5213 47
5214 45
5215 49
5216 31
5217 33
5218 38
5219 23
5220 55
5221 31
5222 45
5223 25
5224 42
5225 33
5226 22
5227 25
5228 20
5229 59
5230 75
5231 58
5232 64
5233 68
5234 67
5235 52
5236 42
5237 41
5238 63
5239 60
5240 94
5241 84
5242 73
5243 79
5244 70
5245 80
5246 86
5247 53
5248 37
5249 27
5250 42
5251 26
5252 40
5253 55
5254 64
5255 48
5256 55
5257 73
5258 65
5259 61
5260 60
5261 81
5262 28
5263 20
5264 26
5265 12
5266 33
5267 39
5268 22
5269 42
5270 46
5271 45
5272 104
5273 77
5274 68
5275 91
5276 51
5277 49
5278 39
5279 39
5280 43
5281 43
5282 44
5283 21
5284 35
5285 33
5286 57
5287 77
5288 95
5289 63
5290 61
5291 44
5292 27
5293 39
5294 24
5295 47
5296 83
5297 46
5298 71
5299 65
5300 61
5301 48
5302 37
5303 39
5304 31
5305 52
5306 15
5307 15
5308 5
5309 17
5310 17
5311 29
5312 27
5313 26
5314 34
5315 38
5316 27
5317 22
5318 17
5319 11
5320 29
5321 9
5322 6
5323 10
5324 12
5325 23
5326 21
5327 28
5328 36
5329 27
5330 35
5331 29
5332 33
5333 17
5334 9
5335 18
5336 29
5337 37
5338 20
5339 30
5340 17
5341 18
5342 19
5343 26
5344 26
5345 34
5346 38
5347 42
5348 38
5349 25
5350 23
5351 34
5352 39
5353 38
5354 30
5355 37
5356 36
5357 52
5358 49
5359 72
5360 49
5361 63
5362 44
5363 41
5364 48
5365 36
5366 42
5367 31
5368 14
5369 18
5370 29
5371 12
5372 14
5373 38
5374 45
5375 42
5376 28
5377 52
5378 15
5379 13
5380 15
5381 24
5382 16
5383 13
5384 16
5385 27
5386 35
5387 22
5388 24
5389 47
5390 38
5391 26
5392 24
5393 28
5394 17
5395 8
5396 19
5397 26
5398 24
5399 40
5400 31
5401 41
5402 51
5403 33
5404 51
5405 127
5406 70
5407 41
5408 59
5409 54
5410 46
5411 46
5412 48
5413 30
5414 24
5415 47
5416 64
5417 70
5418 52
5419 83
5420 77
5421 64
5422 91
5423 100
5424 40
5425 71
5426 55
5427 45
5428 47
5429 49
5430 41
5431 73
5432 73
5433 60
5434 41
5435 44
5436 19
5437 19
5438 16
5439 10
5440 18
5441 16
5442 23
5443 14
5444 17
5445 13
5446 24
5447 27
5448 40
5449 29
5450 16
5451 36
5452 30
5453 31
5454 19
5455 17
5456 18
5457 35
5458 17
5459 13
5460 18
5461 17
5462 23
5463 31
5464 43
5465 34
5466 35
5467 50
5468 44
5469 74
5470 27
5471 44
5472 35
5473 83
5474 89
5475 74
5476 64
5477 59
5478 70
5479 119
5480 146
5481 82
5482 89
5483 45
5484 59
5485 112
5486 70
5487 97
5488 52
5489 47
5490 83
5491 75
5492 32
5493 76
5494 85
5495 60
5496 39
5497 34
5498 75
5499 34
5500 50
5501 50
5502 67
5503 61
5504 35
5505 42
5506 66
5507 23
5508 17
5509 35
5510 43
5511 28
5512 23
5513 33
5514 58
5515 32
5516 20
5517 31
5518 39
5519 50
5520 14
5521 20
5522 14
5523 20
5524 16
5525 13
5526 29
5527 34
5528 21
5529 36
5530 53
5531 34
5532 27
5533 23
5534 17
5535 14
5536 12
5537 16
5538 12
5539 17
5540 31
5541 14
5542 31
5543 30
5544 19
5545 28
5546 8
5547 16
5548 21
5549 35
5550 20
5551 36
5552 24
5553 32
5554 32
5555 28
5556 25
5557 30
5558 30
5559 47
5560 55
5561 63
5562 35
5563 44
5564 46
5565 34
5566 44
5567 58
5568 60
5569 83
5570 43
5571 41
5572 64
5573 69
5574 60
5575 107
5576 75
5577 166
5578 87
5579 93
5580 36
5581 43
5582 41
5583 33
5584 44
5585 49
5586 33
5587 11
5588 22
5589 20
5590 13
5591 50
5592 41
5593 31
5594 22
5595 14
5596 16
5597 42
5598 41
5599 37
5600 40
5601 59
5602 33
5603 21
5604 16
5605 29
5606 39
5607 27
5608 27
5609 28
5610 16
5611 12
5612 24
5613 48
5614 29
5615 20
5616 37
5617 35
5618 22
5619 24
5620 23
5621 34
5622 33
5623 44
5624 55
5625 50
5626 40
5627 33
5628 40
5629 85
5630 64
5631 54
5632 96
5633 45
5634 56
5635 81
5636 54
5637 59
5638 90
5639 63
5640 79
5641 71
5642 45
5643 54
5644 46
5645 92
5646 84
5647 104
5648 66
5649 71
5650 76
5651 70
5652 29
5653 41
5654 29
5655 30
5656 19
5657 25
5658 32
5659 37
5660 45
5661 46
5662 36
5663 35
5664 22
5665 16
5666 24
5667 37
5668 17
5669 17
5670 12
5671 24
5672 20
5673 15
5674 13
5675 28
5676 24
5677 19
5678 28
5679 17
5680 15
5681 13
5682 20
5683 35
5684 14
5685 31
5686 22
5687 21
5688 17
5689 28
5690 17
5691 23
5692 19
5693 23
5694 26
5695 24
5696 22
5697 16
5698 24
5699 16
5700 14
5701 47
5702 24
5703 49
5704 30
5705 79
5706 61
5707 65
5708 67
5709 63
5710 48
5711 42
5712 36
5713 42
5714 42
5715 36
5716 39
5717 45
5718 31
5719 35
5720 49
5721 77
5722 95
5723 69
5724 33
5725 59
5726 67
5727 39
5728 48
5729 48
5730 49
5731 77
5732 33
5733 52
5734 31
5735 39
5736 51
5737 54
5738 67
5739 63
5740 55
5741 37
5742 95
5743 115
5744 79
5745 53
5746 53
5747 70
5748 36
5749 41
5750 33
5751 39
5752 60
5753 43
5754 47
5755 48
5756 28
5757 26
5758 33
5759 22
5760 20
5761 13
5762 11
5763 17
5764 11
5765 18
5766 10
5767 23
5768 24
5769 16
5770 19
5771 22
5772 17
5773 9
5774 12
5775 17
5776 14
5777 13
5778 15
5779 18
5780 23
5781 20
5782 24
5783 42
5784 29
5785 18
5786 28
5787 58
5788 54
5789 29
5790 36
5791 45
5792 60
5793 65
5794 62
5795 72
5796 93
5797 43
5798 42
5799 34
5800 41
5801 36
5802 31
5803 87
5804 64
5805 70
5806 57
5807 81
5808 52
5809 79
5810 65
5811 70
5812 54
5813 62
5814 49
5815 73
5816 50
5817 82
5818 35
5819 74
5820 60
5821 38
5822 51
5823 46
5824 21
5825 15
5826 24
5827 29
5828 33
5829 21
5830 27
5831 22
5832 30
5833 33
5834 7
5835 47
5836 23
5837 18
5838 35
5839 17
5840 12
5841 10
5842 18
5843 31
5844 55
5845 27
5846 26
5847 28
5848 40
5849 27
5850 20
5851 85
5852 43
5853 31
5854 29
5855 39
5856 32
5857 43
5858 60
5859 36
5860 80
5861 44
5862 44
5863 32
5864 46
5865 12
5866 17
5867 35
5868 33
5869 19
5870 21
5871 21
5872 37
5873 36
5874 98
5875 48
5876 73
5877 35
5878 34
5879 28
5880 53
5881 27
5882 26
5883 18
5884 23
5885 19
5886 36
5887 20
5888 40
5889 24
5890 35
5891 20
5892 29
5893 23
5894 31
5895 23
5896 31
5897 25
5898 43
5899 34
5900 29
5901 36
5902 67
5903 27
5904 28
5905 50
5906 74
5907 64
5908 63
5909 55
5910 68
5911 81
5912 76
5913 87
5914 119
5915 75
5916 58
5917 105
5918 111
5919 58
5920 27
5921 41
5922 60
5923 59
5924 61
5925 117
5926 125
5927 87
5928 89
5929 75
5930 81
5931 37
5932 44
5933 36
5934 31
5935 37
5936 21
5937 10
5938 32
5939 20
5940 12
5941 27
5942 28
5943 32
5944 18
5945 4
5946 7
5947 11
5948 6
5949 9
5950 5
5951 10
5952 14
5953 13
5954 15
5955 23
5956 23
5957 32
5958 24
5959 18
5960 22
5961 20
5962 12
5963 23
5964 28
5965 18
5966 16
5967 27
5968 38
5969 41
5970 30
5971 36
5972 31
5973 71
5974 62
5975 40
5976 46
5977 24
5978 33
5979 38
5980 72
5981 63
5982 34
5983 44
5984 81
5985 91
5986 71
5987 51
5988 22
5989 40
5990 36
5991 53
5992 62
5993 49
5994 77
5995 102
5996 135
5997 121
5998 51
5999 36
6000 67
6001 39
6002 31
6003 35
6004 22
6005 19
6006 35
6007 41
6008 79
6009 29
6010 50
6011 52
6012 97
6013 97
6014 54
6015 60
6016 54
6017 45
6018 32
6019 36
6020 30
6021 17
6022 38
6023 43
6024 13
6025 16
6026 30
6027 18
6028 33
6029 42
6030 28
6031 32
6032 29
6033 32
6034 21
6035 42
6036 28
6037 21
6038 47
6039 45
6040 25
6041 23
6042 18
6043 24
6044 18
6045 30
6046 24
6047 25
6048 21
6049 16
6050 15
6051 26
6052 20
6053 24
6054 33
6055 26
6056 24
6057 37
6058 35
6059 26
6060 28
6061 34
6062 24
6063 16
6064 40
6065 43
6066 28
6067 65
6068 46
6069 47
6070 68
6071 81
6072 44
6073 42
6074 56
6075 23
6076 38
6077 43
6078 51
6079 23
6080 41
6081 66
6082 55
6083 104
6084 106
6085 80
6086 61
6087 118
6088 106
6089 129
6090 104
6091 71
6092 96
6093 101
6094 86
6095 43
6096 42
6097 78
6098 91
6099 73
6100 103
6101 64
6102 49
6103 60
6104 38
6105 30
6106 35
6107 26
6108 26
6109 26
6110 24
6111 8
6112 9
6113 13
6114 12
6115 7
6116 19
6117 14
6118 18
6119 19
6120 14
6121 7
6122 10
6123 6
6124 11
6125 7
6126 11
6127 12
6128 4
6129 12
6130 12
6131 18
6132 17
6133 13
6134 15
6135 19
6136 13
6137 3
6138 7
6139 7
6140 12
6141 4
6142 9
6143 15
6144 11
6145 28
6146 17
6147 30
6148 28
6149 43
6150 36
6151 32
6152 29
6153 28
6154 20
6155 21
6156 27
6157 20
6158 17
6159 36
6160 24
6161 40
6162 41
6163 69
6164 51
6165 54
6166 46
6167 47
6168 65
6169 23
6170 25
6171 20
6172 31
6173 32
6174 24
6175 22
6176 49
6177 70
6178 52
6179 117
6180 68
6181 82
6182 40
6183 79
6184 85
6185 43
6186 48
6187 36
6188 41
6189 62
6190 67
6191 36
6192 71
6193 54
6194 45
6195 48
6196 32
6197 36
6198 30
6199 44
6200 22
6201 27
6202 24
6203 20
6204 41
6205 35
6206 29
6207 18
6208 41
6209 42
6210 19
6211 18
6212 20
6213 17
6214 27
6215 36
6216 20
6217 28
6218 29
6219 25
6220 49
6221 20
6222 37
6223 20
6224 52
6225 28
6226 28
6227 14
6228 29
6229 38
6230 60
6231 62
6232 41
6233 61
6234 74
6235 87
6236 153
6237 74
6238 95
6239 78
6240 138
6241 97
6242 85
6243 46
6244 51
6245 61
6246 64
6247 80
6248 84
6249 109
6250 77
6251 63
6252 91
6253 36
6254 50
6255 49
6256 41
6257 39
6258 28
6259 24
6260 38
6261 13
6262 14
6263 66
6264 49
6265 17
6266 22
6267 14
6268 17
6269 14
6270 19
6271 5
6272 4
6273 5
6274 3
6275 4
6276 10
6277 6
6278 5
6279 9
6280 17
6281 3
6282 17
6283 19
6284 22
6285 13
6286 17
6287 17
6288 20
6289 20
6290 23
6291 20
6292 34
6293 19
6294 29
6295 43
6296 42
6297 20
6298 42
6299 33
6300 27
6301 20
6302 20
6303 21
6304 38
6305 35
6306 33
6307 31
6308 45
6309 19
6310 38
6311 33
6312 22
6313 48
6314 45
6315 18
6316 39
6317 49
6318 34
6319 44
6320 51
6321 42
6322 80
6323 29
6324 42
6325 27
6326 32
6327 33
6328 28
6329 34
6330 51
6331 41
6332 38
6333 44
6334 72
6335 31
6336 34
6337 41
6338 56
6339 53
6340 39
6341 26
6342 24
6343 29
6344 25
6345 38
6346 33
6347 60
6348 33
6349 48
6350 62
6351 28
6352 42
6353 68
6354 74
6355 56
6356 59
6357 28
6358 34
6359 52
6360 41
6361 38
6362 55
6363 97
6364 82
6365 128
6366 51
6367 51
6368 67
6369 41
6370 40
6371 32
6372 66
6373 59
6374 25
6375 22
6376 25
6377 53
6378 70
6379 86
6380 59
6381 47
6382 45
6383 27
6384 60
6385 54
6386 27
6387 36
6388 18
6389 25
6390 16
6391 22
6392 19
6393 33
6394 33
6395 26
6396 22
6397 23
6398 25
6399 18
6400 23
6401 24
6402 21
6403 32
6404 30
6405 22
6406 23
6407 22
6408 21
6409 41
6410 64
6411 39
6412 43
6413 27
6414 42
6415 31
6416 36
6417 27
6418 46
6419 54
6420 42
6421 44
6422 27
6423 54
6424 40
6425 42
6426 56
6427 68
6428 73
6429 34
6430 39
6431 36
6432 32
6433 27
6434 45
6435 99
6436 54
6437 59
6438 33
6439 51
6440 36
6441 41
6442 28
6443 36
6444 56
6445 43
6446 23
6447 37
6448 27
6449 52
6450 37
6451 33
6452 15
6453 31
6454 15
6455 26
6456 17
6457 23
6458 29
6459 26
6460 16
6461 11
6462 21
6463 17
6464 13
6465 14
6466 16
6467 8
6468 7
6469 9
6470 7
6471 16
6472 15
6473 16
6474 32
6475 26
6476 15
6477 14
6478 11
6479 8
6480 8
6481 9
6482 6
6483 8
6484 8
6485 19
6486 19
6487 22
6488 28
6489 33
6490 55
6491 47
6492 41
6493 29
6494 31
6495 26
6496 30
6497 40
6498 29
6499 56
6500 56
6501 89
6502 72
6503 94
6504 118
6505 48
6506 77
6507 48
6508 63
6509 41
6510 105
6511 77
6512 75
6513 65
6514 38
6515 114
6516 84
6517 86
6518 43
6519 107
6520 249
6521 88
6522 107
6523 99
6524 92
6525 48
6526 63
6527 79
6528 63
6529 68
6530 26
6531 87
6532 50
6533 34
6534 35
6535 42
6536 24
6537 37
6538 30
6539 31
6540 28
6541 21
6542 11
6543 19
6544 14
6545 25
6546 19
6547 19
6548 33
6549 41
6550 39
6551 26
6552 26
6553 27
6554 37
6555 30
6556 27
6557 22
6558 8
6559 20
6560 28
6561 34
6562 28
6563 18
6564 43
6565 32
6566 43
6567 30
6568 34
6569 20
6570 25
6571 44
6572 38
6573 38
6574 18
6575 28
6576 59
6577 52
6578 55
6579 33
6580 35
6581 41
6582 26
6583 13
6584 25
6585 20
6586 16
6587 66
6588 62
6589 39
6590 33
6591 34
6592 32
6593 39
6594 26
6595 36
6596 68
6597 77
6598 39
6599 37
6600 67
6601 69
6602 67
6603 34
6604 34
6605 30
6606 42
6607 32
6608 73
6609 99
6610 54
6611 72
6612 61
6613 70
6614 30
6615 17
6616 15
6617 21
6618 30
6619 16
6620 12
6621 5
6622 24
6623 9
6624 38
6625 57
6626 28
6627 19
6628 20
6629 30
6630 21
6631 17
6632 18
6633 21
6634 11
6635 15
6636 12
6637 18
6638 23
6639 23
6640 28
6641 38
6642 33
6643 41
6644 38
6645 27
6646 27
6647 28
6648 30
6649 26
6650 31
6651 34
6652 27
6653 20
6654 24
6655 35
6656 24
6657 30
6658 80
6659 52
6660 44
6661 25
6662 37
6663 40
6664 57
6665 69
6666 55
6667 37
6668 40
6669 43
6670 59
6671 81
6672 59
6673 25
6674 44
6675 30
6676 44
6677 19
6678 32
6679 38
6680 43
6681 44
6682 45
6683 31
6684 31
6685 45
6686 52
6687 19
6688 32
6689 13
6690 27
6691 25
6692 31
6693 15
6694 19
6695 10
6696 18
6697 33
6698 19
6699 18
6700 16
6701 22
6702 20
6703 17
6704 27
6705 19
6706 34
6707 22
6708 21
6709 7
6710 23
6711 29
6712 28
6713 39
6714 26
6715 26
6716 47
6717 38
6718 40
6719 45
6720 54
6721 38
6722 69
6723 49
6724 56
6725 39
6726 38
6727 56
6728 49
6729 30
6730 40
6731 37
6732 80
6733 67
6734 77
6735 84
6736 92
6737 69
6738 31
6739 32
6740 40
6741 41
6742 34
6743 39
6744 52
6745 61
6746 47
6747 31
6748 33
6749 31
6750 21
6751 41
6752 44
6753 35
6754 39
6755 19
6756 18
6757 28
6758 32
6759 23
6760 52
6761 42
6762 43
6763 64
6764 34
6765 20
6766 16
6767 38
6768 43
6769 34
6770 13
6771 21
6772 30
6773 66
6774 52
6775 47
6776 32
6777 31
6778 34
6779 58
6780 30
6781 25
6782 44
6783 32
6784 46
6785 35
6786 35
6787 23
6788 49
6789 40
6790 72
6791 46
6792 35
6793 39
6794 37
6795 75
6796 58
6797 69
6798 44
6799 33
6800 53
6801 106
6802 68
6803 39
6804 101
6805 59
6806 45
6807 63
6808 64
6809 68
6810 98
6811 103
6812 49
6813 65
6814 26
6815 46
6816 15
6817 30
6818 29
6819 42
6820 50
6821 36
6822 36
6823 59
6824 14
6825 46
6826 53
6827 33
6828 18
6829 25
6830 35
6831 24
6832 21
6833 34
6834 19
6835 34
6836 28
6837 39
6838 57
6839 54
6840 21
6841 28
6842 31
6843 23
6844 19
6845 13
6846 21
6847 22
6848 25
6849 33
6850 10
6851 32
6852 31
6853 42
6854 53
6855 66
6856 29
6857 37
6858 42
6859 21
6860 24
6861 21
6862 38
6863 39
6864 60
6865 51
6866 31
6867 84
6868 71
6869 63
6870 68
6871 101
6872 61
6873 43
6874 41
6875 20
6876 7
6877 24
6878 41
6879 45
6880 58
6881 44
6882 48
6883 53
6884 16
6885 20
6886 28
6887 33
6888 47
6889 23
6890 30
6891 10
6892 14
6893 21
6894 31
6895 33
6896 49
6897 48
6898 69
6899 47
6900 35
6901 24
6902 27
6903 26
6904 49
6905 34
6906 50
6907 33
6908 38
6909 36
6910 15
6911 36
6912 68
6913 54
6914 82
6915 29
6916 56
6917 13
6918 26
6919 17
6920 45
6921 41
6922 28
6923 30
6924 25
6925 43
6926 23
6927 45
6928 18
6929 21
6930 49
6931 21
6932 34
6933 17
6934 32
6935 13
6936 17
6937 17
6938 23
6939 33
6940 32
6941 66
6942 29
6943 72
6944 37
6945 41
6946 98
6947 59
6948 57
6949 58
6950 102
6951 51
6952 44
6953 29
6954 56
6955 72
6956 48
6957 55
6958 32
6959 74
6960 58
6961 94
6962 79
6963 49
6964 28
6965 48
6966 48
6967 70
6968 18
6969 23
6970 39
6971 30
6972 18
6973 32
6974 40
6975 27
6976 29
6977 22
6978 32
6979 16
6980 13
6981 31
6982 32
6983 61
6984 42
6985 35
6986 23
6987 37
6988 47
6989 20
6990 33
6991 38
6992 33
6993 38
6994 53
6995 41
6996 25
6997 46
6998 25
6999 42
7000 20
7001 59
7002 41
7003 53
7004 39
7005 28
7006 32
7007 50
7008 57
7009 62
7010 53
7011 76
7012 48
7013 41
7014 28
7015 13
7016 20
7017 46
7018 40
7019 38
7020 12
7021 13
7022 32
7023 18
7024 35
7025 58
7026 54
7027 41
7028 17
7029 31
7030 31
7031 14
7032 23
7033 19
7034 31
7035 37
7036 17
7037 26
7038 30
7039 27
7040 18
7041 28
7042 27
7043 37
7044 25
7045 50
7046 65
7047 38
7048 25
7049 21
7050 37
7051 38
7052 35
7053 40
7054 31
7055 22
7056 29
7057 47
7058 38
7059 39
7060 26
7061 70
7062 59
7063 40
7064 26
7065 24
7066 36
7067 43
7068 39
7069 76
7070 54
7071 45
7072 64
7073 92
7074 99
7075 98
7076 58
7077 61
7078 56
7079 37
7080 42
7081 38
7082 31
7083 34
7084 52
7085 68
7086 58
7087 57
7088 70
7089 93
7090 118
7091 57
7092 55
7093 52
7094 50
7095 48
7096 14
7097 19
7098 15
7099 16
7100 23
7101 52
7102 48
7103 10
7104 24
7105 30
7106 27
7107 30
7108 20
7109 18
7110 14
7111 20
7112 13
7113 13
7114 16
7115 21
7116 20
7117 15
7118 21
7119 15
7120 23
7121 47
7122 40
7123 38
7124 24
7125 10
7126 24
7127 17
7128 18
7129 21
7130 38
7131 53
7132 74
7133 68
7134 68
7135 32
7136 58
7137 58
7138 74
7139 62
7140 46
7141 39
7142 36
7143 44
7144 29
7145 41
7146 62
7147 87
7148 56
7149 63
7150 71
7151 46
7152 98
7153 77
7154 105
7155 80
7156 97
7157 57
7158 42
7159 52
7160 33
7161 53
7162 86
7163 48
7164 71
7165 55
7166 47
7167 18
7168 58
7169 68
7170 74
7171 28
7172 41
7173 23
7174 21
7175 39
7176 18
7177 20
7178 56
7179 52
7180 27
7181 22
7182 34
7183 17
7184 18
7185 21
7186 15
7187 22
7188 13
7189 16
7190 17
7191 16
7192 16
7193 18
7194 17
7195 21
7196 27
7197 25
7198 34
7199 15
7200 19
7201 7
7202 16
7203 44
7204 38
7205 20
7206 36
7207 34
7208 46
7209 38
7210 27
7211 32
7212 50
7213 25
7214 52
7215 33
7216 43
7217 24
7218 28
7219 67
7220 65
7221 66
7222 62
7223 44
7224 57
7225 54
7226 50
7227 66
7228 92
7229 27
7230 42
7231 35
7232 62
7233 31
7234 44
7235 44
7236 45
7237 61
7238 46
7239 45
7240 81
7241 38
7242 61
7243 93
7244 51
7245 16
7246 22
7247 42
7248 97
7249 27
7250 23
7251 31
7252 24
7253 19
7254 24
7255 21
7256 41
7257 30
7258 44
7259 36
7260 47
7261 21
7262 21
7263 28
7264 58
7265 30
7266 26
7267 13
7268 33
7269 14
7270 26
7271 34
7272 30
7273 21
7274 23
7275 32
7276 24
7277 38
7278 20
7279 12
7280 39
7281 16
7282 29
7283 22
7284 25
7285 26
7286 36
7287 32
7288 20
7289 15
7290 31
7291 46
7292 19
7293 26
7294 31
7295 34
7296 77
7297 45
7298 40
7299 55
7300 59
7301 77
7302 107
7303 108
7304 43
7305 50
7306 84
7307 38
7308 24
7309 17
7310 49
7311 75
7312 59
7313 34
7314 32
7315 34
7316 22
7317 25
7318 12
7319 48
7320 23
7321 19
7322 32
7323 15
7324 15
7325 13
7326 36
7327 21
7328 30
7329 17
7330 31
7331 43
7332 22
7333 23
7334 13
7335 23
7336 35
7337 34
7338 32
7339 28
7340 27
7341 21
7342 42
7343 42
7344 38
7345 26
7346 25
7347 31
7348 39
7349 21
7350 28
7351 32
7352 66
7353 66
7354 60
7355 31
7356 52
7357 32
7358 46
7359 39
7360 43
7361 39
7362 35
7363 40
7364 84
7365 71
7366 59
7367 56
7368 111
7369 81
7370 70
7371 58
7372 66
7373 42
7374 51
7375 30
7376 32
7377 41
7378 28
7379 27
7380 22
7381 19
7382 30
7383 63
7384 42
7385 20
7386 22
7387 16
7388 25
7389 20
7390 20
7391 12
7392 18
7393 26
7394 17
7395 21
7396 16
7397 15
7398 32
7399 56
7400 40
7401 40
7402 40
7403 39
7404 55
7405 59
7406 58
7407 38
7408 81
7409 86
7410 81
7411 78
7412 62
7413 66
7414 82
7415 70
7416 30
7417 56
7418 29
7419 36
7420 41
7421 16
7422 30
7423 30
7424 43
7425 42
7426 47
7427 38
7428 30
7429 37
7430 27
7431 29
7432 21
7433 38
7434 21
7435 14
7436 14
7437 13
7438 10
7439 34
7440 28
7441 26
7442 40
7443 46
7444 32
7445 28
7446 33
7447 29
7448 25
7449 17
7450 17
7451 38
7452 16
7453 9
7454 22
7455 28
7456 32
7457 43
7458 34
7459 30
7460 25
7461 36
7462 51
7463 43
7464 36
7465 31
7466 40
7467 42
7468 20
7469 14
7470 34
7471 23
7472 60
7473 75
7474 36
7475 32
7476 46
7477 37
7478 42
7479 58
7480 42
7481 57
7482 28
7483 35
7484 29
7485 23
7486 60
7487 58
7488 63
7489 71
7490 40
7491 43
7492 38
7493 36
7494 52
7495 106
7496 72
7497 72
7498 25
7499 42
7500 60
7501 42
7502 84
7503 118
7504 167
7505 108
7506 40
7507 62
7508 68
7509 76
7510 99
7511 161
7512 161
7513 92
7514 92
7515 92
7516 77
7517 39
7518 39
7519 62
7520 87
7521 51
7522 23
7523 42
7524 33
7525 48
7526 37
7527 62
7528 66
7529 24
7530 24
7531 28
7532 14
7533 15
7534 17
7535 26
7536 25
7537 25
7538 21
7539 17
7540 20
7541 32
7542 15
7543 16
7544 19
7545 6
7546 9
7547 16
7548 7
7549 9
7550 7
7551 13
7552 21
7553 4
7554 12
7555 11
7556 12
7557 18
7558 17
7559 7
7560 18
7561 23
7562 23
7563 16
7564 22
7565 15
7566 26
7567 22
7568 54
7569 17
7570 27
7571 24
7572 28
7573 30
7574 63
7575 34
7576 42
7577 52
7578 71
7579 77
7580 75
7581 53
7582 51
7583 36
7584 23
7585 17
7586 34
7587 39
7588 66
7589 44
7590 28
7591 40
7592 20
7593 36
7594 29
7595 46
7596 92
7597 42
7598 46
7599 35
7600 35
7601 26
7602 28
7603 47
7604 60
7605 40
7606 33
7607 27
7608 22
7609 34
7610 25
7611 46
7612 86
7613 25
7614 36
7615 44
7616 28
7617 84
7618 68
7619 47
7620 61
7621 43
7622 53
7623 26
7624 22
7625 20
7626 32
7627 31
7628 33
7629 35
7630 21
7631 26
7632 19
7633 32
7634 38
7635 15
7636 31
7637 36
7638 24
7639 22
7640 19
7641 26
7642 38
7643 36
7644 31
7645 52
7646 27
7647 28
7648 30
7649 15
7650 36
7651 16
7652 29
7653 32
7654 37
7655 31
7656 38
7657 35
7658 35
7659 44
7660 40
7661 32
7662 36
7663 25
7664 55
7665 14
7666 19
7667 18
7668 27
7669 45
7670 34
7671 23
7672 36
7673 56
7674 65
7675 40
7676 41
7677 33
7678 50
7679 36
7680 38
7681 40
7682 14
7683 17
7684 36
7685 33
7686 26
7687 38
7688 16
7689 28
7690 43
7691 57
7692 24
7693 29
7694 16
7695 23
7696 21
7697 38
7698 11
7699 25
7700 29
7701 26
7702 33
7703 28
7704 25
7705 27
7706 34
7707 47
7708 26
7709 69
7710 35
7711 39
7712 44
7713 56
7714 24
7715 21
7716 49
7717 61
7718 57
7719 65
7720 93
7721 85
7722 115
7723 107
7724 76
7725 90
7726 42
7727 38
7728 55
7729 32
7730 49
7731 52
7732 68
7733 65
7734 75
7735 26
7736 55
7737 96
7738 94
7739 82
7740 62
7741 98
7742 45
7743 29
7744 45
7745 25
7746 31
7747 32
7748 45
7749 42
7750 78
7751 44
7752 63
7753 58
7754 42
7755 31
7756 33
7757 46
7758 22
7759 28
7760 63
7761 29
7762 41
7763 25
7764 42
7765 23
7766 39
7767 29
7768 9
7769 15
7770 10
7771 17
7772 17
7773 22
7774 20
7775 22
7776 20
7777 22
7778 18
7779 24
7780 21
7781 22
7782 30
7783 45
7784 17
7785 22
7786 14
7787 28
7788 32
7789 12
7790 17
7791 19
7792 18
7793 19
7794 39
7795 46
7796 46
7797 17
7798 29
7799 57
7800 23
7801 46
7802 20
7803 43
7804 39
7805 28
7806 48
7807 43
7808 79
7809 53
7810 76
7811 86
7812 59
7813 42
7814 43
7815 65
7816 38
7817 75
7818 41
7819 55
7820 48
7821 54
7822 76
7823 80
7824 67
7825 29
7826 54
7827 45
7828 29
7829 52
7830 40
7831 93
7832 41
7833 36
7834 17
7835 34
7836 44
7837 42
7838 66
7839 58
7840 64
7841 36
7842 62
7843 61
7844 47
7845 69
7846 56
7847 67
7848 68
7849 72
7850 23
7851 57
7852 46
7853 56
7854 28
7855 38
7856 43
7857 35
7858 50
7859 62
7860 80
7861 95
7862 97
7863 44
7864 41
7865 29
7866 18
7867 21
7868 37
7869 36
7870 22
7871 28
7872 37
7873 44
7874 49
7875 31
7876 32
7877 34
7878 41
7879 28
7880 23
7881 21
7882 18
7883 15
7884 18
7885 22
7886 20
7887 13
7888 27
7889 39
7890 17
7891 24
7892 19
7893 43
7894 62
7895 24
7896 32
7897 33
7898 49
7899 32
7900 36
7901 39
7902 61
7903 54
7904 82
7905 95
7906 55
7907 67
7908 58
7909 56
7910 60
7911 18
7912 26
7913 29
7914 62
7915 46
7916 33
7917 25
7918 69
7919 63
7920 64
7921 57
7922 39
7923 42
7924 37
7925 27
7926 30
7927 20
7928 19
7929 28
7930 29
7931 27
7932 33
7933 21
7934 51
7935 24
7936 27
7937 31
7938 20
7939 35
7940 34
7941 22
7942 29
7943 22
7944 18
7945 21
7946 26
7947 20
7948 23
7949 16
7950 48
7951 20
7952 18
7953 33
7954 15
7955 29
7956 30
7957 27
7958 26
7959 22
7960 19
7961 28
7962 26
7963 23
7964 20
7965 21
7966 30
7967 20
7968 17
7969 23
7970 26
7971 43
7972 46
7973 34
7974 45
7975 39
7976 41
7977 28
7978 34
7979 42
7980 18
7981 57
7982 31
7983 50
7984 50
7985 42
7986 52
7987 57
7988 84
7989 69
7990 54
7991 49
7992 81
7993 24
7994 33
7995 46
7996 36
7997 46
7998 30
7999 50
8000 50
8001 48
8002 48
8003 16
8004 24
8005 48
8006 30
8007 17
8008 23
8009 17
8010 27
8011 32
8012 29
8013 17
8014 34
8015 37
8016 58
8017 31
8018 22
8019 11
8020 18
8021 9
8022 12
8023 10
8024 15
8025 10
8026 21
8027 17
8028 37
8029 25
8030 33
8031 41
8032 39
8033 24
8034 21
8035 12
8036 24
8037 15
8038 29
8039 29
8040 37
8041 36
8042 29
8043 23
8044 51
8045 34
8046 43
8047 53
8048 51
8049 40
8050 46
8051 41
8052 40
8053 60
8054 47
8055 83
8056 84
8057 64
8058 77
8059 30
8060 81
8061 54
8062 42
8063 54
8064 77
8065 38
8066 47
8067 36
8068 72
8069 112
8070 94
8071 103
8072 58
8073 38
8074 38
8075 25
8076 33
8077 38
8078 44
8079 39
8080 83
8081 70
8082 71
8083 55
8084 36
8085 31
8086 31
8087 33
8088 31
8089 27
8090 26
8091 17
8092 30
8093 45
8094 41
8095 66
8096 46
8097 17
8098 41
8099 20
8100 16
8101 26
8102 32
8103 36
8104 43
8105 41
8106 33
8107 19
8108 29
8109 65
8110 66
8111 55
8112 51
8113 46
8114 26
8115 25
8116 26
8117 18
8118 27
8119 34
8120 46
8121 18
8122 27
8123 11
8124 49
8125 40
8126 45
8127 62
8128 43
8129 60
8130 47
8131 52
8132 39
8133 48
8134 53
8135 48
8136 54
8137 35
8138 51
8139 47
8140 27
8141 54
8142 75
8143 49
8144 53
8145 83
8146 65
8147 64
8148 48
8149 96
8150 47
8151 92
8152 52
8153 30
8154 60
8155 49
8156 24
8157 30
8158 27
8159 19
8160 34
8161 37
8162 42
8163 49
8164 44
8165 53
8166 20
8167 35
8168 18
8169 29
8170 32
8171 30
8172 26
8173 37
8174 27
8175 20
8176 41
8177 55
8178 37
8179 59
8180 26
8181 50
8182 29
8183 54
8184 24
8185 27
8186 33
8187 40
8188 33
8189 40
8190 30
8191 25
8192 31
8193 49
8194 35
8195 49
8196 40
8197 71
8198 37
8199 55
8200 19
8201 30
8202 46
8203 29
8204 45
8205 20
8206 10
8207 17
8208 40
8209 32
8210 15
8211 30
8212 29
8213 49
8214 32
8215 25
8216 27
8217 18
8218 37
8219 28
8220 26
8221 29
8222 35
8223 37
8224 65
8225 39
8226 17
8227 28
8228 37
8229 24
8230 14
8231 25
8232 29
8233 40
8234 61
8235 50
8236 46
8237 45
8238 52
8239 46
8240 75
8241 42
8242 28
8243 38
8244 63
8245 35
8246 32
8247 30
8248 49
8249 37
8250 37
8251 44
8252 43
8253 58
8254 69
8255 71
8256 28
8257 42
8258 43
8259 67
8260 25
8261 21
8262 27
8263 30
8264 23
8265 18
8266 24
8267 28
8268 29
8269 41
8270 50
8271 34
8272 33
8273 32
8274 24
8275 30
8276 18
8277 8
8278 16
8279 22
8280 13
8281 16
8282 27
8283 29
8284 16
8285 22
8286 32
8287 38
8288 28
8289 13
8290 16
8291 8
8292 8
8293 7
8294 5
8295 20
8296 22
8297 10
8298 26
8299 25
8300 20
8301 20
8302 53
8303 27
8304 47
8305 49
8306 50
8307 33
8308 53
8309 29
8310 36
8311 49
8312 47
8313 41
8314 89
8315 90
8316 55
8317 71
8318 88
8319 47
8320 74
8321 19
8322 38
8323 45
8324 43
8325 55
8326 64
8327 129
8328 128
8329 91
8330 148
8331 85
8332 63
8333 79
8334 91
8335 39
8336 49
8337 34
8338 50
8339 35
8340 35
8341 59
8342 45
8343 76
8344 90
8345 50
8346 62
8347 26
8348 60
8349 19
8350 55
8351 21
8352 30
8353 28
8354 31
8355 11
8356 14
8357 35
8358 14
8359 24
8360 35
8361 29
8362 27
8363 15
8364 16
8365 14
8366 19
8367 9
8368 16
8369 13
8370 10
8371 16
8372 38
8373 40
8374 28
8375 63
8376 39
8377 64
8378 49
8379 40
8380 42
8381 52
8382 40
8383 47
8384 29
8385 17
8386 42
8387 40
8388 60
8389 34
8390 45
8391 70
8392 64
8393 46
8394 45
8395 35
8396 27
8397 23
8398 17
8399 14
8400 25
8401 16
8402 26
8403 28
8404 42
8405 41
8406 46
8407 34
8408 48
8409 36
8410 20
8411 34
8412 13
8413 32
8414 16
8415 16
8416 15
8417 20
8418 21
8419 19
8420 38
8421 23
8422 28
8423 19
8424 25
8425 33
8426 17
8427 20
8428 4
8429 13
8430 7
8431 31
8432 18
8433 17
8434 27
8435 50
8436 27
8437 32
8438 34
8439 29
8440 67
8441 57
8442 28
8443 21
8444 25
8445 38
8446 30
8447 109
8448 63
8449 61
8450 31
8451 71
8452 65
8453 65
8454 69
8455 58
8456 163
8457 101
8458 88
8459 101
8460 65
8461 104
8462 70
8463 66
8464 94
8465 64
8466 67
8467 40
8468 108
8469 114
8470 90
8471 65
8472 117
8473 119
8474 34
8475 55
8476 36
8477 35
8478 20
8479 14
8480 7
8481 5
8482 15
8483 6
8484 18
8485 9
8486 2
8487 5
8488 5
8489 14
8490 7
8491 13
8492 8
8493 8
8494 7
8495 6
8496 4
8497 4
8498 11
8499 9
8500 13
8501 3
8502 4
8503 10
8504 10
8505 7
8506 9
8507 13
8508 19
8509 19
8510 21
8511 9
8512 20
8513 11
8514 28
8515 25
8516 28
8517 26
8518 34
8519 30
8520 38
8521 41
8522 43
8523 37
8524 45
8525 39
8526 41
8527 35
8528 65
8529 41
8530 65
8531 56
8532 51
8533 63
8534 81
8535 72
8536 52
8537 39
8538 61
8539 66
8540 117
8541 68
8542 50
8543 65
8544 99
8545 65
8546 54
8547 68
8548 55
8549 60
8550 84
8551 70
8552 61
8553 31
8554 40
8555 64
8556 80
8557 82
8558 71
8559 74
8560 60
8561 67
8562 53
8563 57
8564 71
8565 44
8566 62
8567 55
8568 38
8569 25
8570 25
8571 47
8572 37
8573 57
8574 34
8575 27
8576 48
8577 39
8578 49
8579 55
8580 25
8581 28
8582 45
8583 20
8584 52
8585 42
8586 63
8587 70
8588 28
8589 48
8590 24
8591 15
8592 40
8593 24
8594 33
8595 28
8596 33
8597 22
8598 18
8599 24
8600 20
8601 20
8602 18
8603 11
8604 26
8605 17
8606 13
8607 15
8608 18
8609 18
8610 13
8611 20
8612 28
8613 38
8614 15
8615 21
8616 15
8617 12
8618 12
8619 11
8620 12
8621 13
8622 19
8623 30
8624 32
8625 41
8626 33
8627 38
8628 22
8629 19
8630 31
8631 18
8632 26
8633 25
8634 25
8635 25
8636 33
8637 33
8638 42
8639 27
8640 63
8641 66
8642 53
8643 73
8644 37
8645 41
8646 53
8647 46
8648 52
8649 33
8650 29
8651 53
8652 46
8653 57
8654 40
8655 42
8656 30
8657 61
8658 56
8659 53
8660 21
8661 21
8662 42
8663 45
8664 31
8665 27
8666 24
8667 42
8668 32
8669 64
8670 34
8671 59
8672 39
8673 43
8674 58
8675 85
8676 37
8677 26
8678 51
8679 54
8680 27
8681 39
8682 33
8683 30
8684 14
8685 38
8686 38
8687 20
8688 24
8689 17
8690 34
8691 41
8692 22
8693 25
8694 26
8695 56
8696 40
8697 25
8698 42
8699 50
8700 35
8701 62
8702 51
8703 31
8704 24
8705 24
8706 36
8707 53
8708 23
8709 28
8710 25
8711 24
8712 26
8713 24
8714 40
8715 22
8716 45
8717 61
8718 64
8719 48
8720 28
8721 41
8722 72
8723 99
8724 63
8725 64
8726 38
8727 48
8728 62
8729 61
8730 61
8731 36
8732 47
8733 63
8734 45
8735 51
8736 48
8737 50
8738 76
8739 77
8740 54
8741 40
8742 45
8743 31
8744 58
8745 42
8746 49
8747 22
8748 31
8749 34
8750 20
8751 15
8752 25
8753 28
8754 72
8755 40
8756 29
8757 16
8758 19
8759 13
8760 58
8761 34
8762 75
8763 27
8764 36
8765 29
8766 37
8767 19
8768 36
8769 33
8770 46
8771 43
8772 36
8773 38
8774 32
8775 26
8776 62
8777 50
8778 78
8779 56
8780 45
8781 50
8782 84
8783 46
8784 60
8785 59
8786 106
8787 135
8788 75
8789 72
8790 61
8791 45
8792 90
8793 50
8794 130
8795 68
8796 85
8797 58
8798 144
8799 68
8800 88
8801 55
8802 115
8803 93
8804 40
8805 54
8806 31
8807 37
8808 39
8809 50
8810 37
8811 30
8812 18
8813 5
8814 8
8815 7
8816 16
8817 5
8818 12
8819 16
8820 18
8821 12
8822 11
8823 12
8824 12
8825 8
8826 4
8827 15
8828 10
8829 7
8830 15
8831 12
8832 6
8833 8
8834 23
8835 20
8836 16
8837 15
8838 19
8839 10
8840 24
8841 21
8842 14
8843 24
8844 24
8845 34
8846 29
8847 46
8848 32
8849 43
8850 42
8851 46
8852 43
8853 59
8854 61
8855 56
8856 47
8857 64
8858 57
8859 54
8860 30
8861 56
8862 27
8863 34
8864 43
8865 57
8866 75
8867 96
8868 58
8869 63
8870 65
8871 105
8872 128
8873 83
8874 50
8875 35
8876 39
8877 25
8878 18
8879 32
8880 56
8881 96
8882 66
8883 105
8884 39
8885 42
8886 43
8887 16
8888 22
8889 42
8890 35
8891 17
8892 22
8893 18
8894 26
8895 20
8896 25
8897 32
8898 41
8899 35
8900 24
8901 21
8902 28
8903 30
8904 18
8905 20
8906 17
8907 28
8908 26
8909 18
8910 27
8911 22
8912 45
8913 51
8914 32
8915 32
8916 48
8917 34
8918 47
8919 43
8920 38
8921 47
8922 38
8923 61
8924 35
8925 24
8926 32
8927 17
8928 47
8929 46
8930 63
8931 43
8932 33
8933 30
8934 65
8935 68
8936 38
8937 34
8938 43
8939 40
8940 33
8941 23
8942 38
8943 29
8944 66
8945 59
8946 62
8947 74
8948 69
8949 43
8950 46
8951 54
8952 50
8953 21
8954 41
8955 44
8956 46
8957 80
8958 117
8959 113
8960 106
8961 86
8962 58
8963 75
8964 48
8965 76
8966 69
8967 54
8968 120
8969 36
8970 62
8971 84
8972 70
8973 39
8974 48
8975 68
8976 23
8977 21
8978 15
8979 48
8980 37
8981 70
8982 19
8983 70
8984 34
8985 29
8986 21
8987 33
8988 21
8989 20
8990 19
8991 28
8992 23
8993 17
8994 18
8995 25
8996 28
8997 49
8998 19
8999 36
9000 21
9001 30
9002 44
9003 37
9004 26
9005 33
9006 26
9007 31
9008 39
9009 46
9010 73
9011 75
9012 58
9013 47
9014 36
9015 32
9016 36
9017 33
9018 54
9019 40
9020 21
9021 25
9022 21
9023 6
9024 18
9025 26
9026 26
9027 56
9028 34
9029 37
9030 20
9031 16
9032 17
9033 22
9034 18
9035 18
9036 20
9037 19
9038 34
9039 11
9040 39
9041 37
9042 45
9043 29
9044 25
9045 27
9046 28
9047 24
9048 17
9049 24
9050 22
9051 26
9052 19
9053 14
9054 48
9055 30
9056 47
9057 40
9058 63
9059 67
9060 54
9061 33
9062 43
9063 29
9064 19
9065 20
9066 28
9067 13
9068 18
9069 20
9070 39
9071 14
9072 36
9073 38
9074 28
9075 41
9076 13
9077 20
9078 21
9079 21
9080 16
9081 15
9082 19
9083 18
9084 30
9085 47
9086 28
9087 22
9088 19
9089 23
9090 24
9091 17
9092 23
9093 27
9094 35
9095 35
9096 33
9097 36
9098 32
9099 36
9100 27
9101 45
9102 25
9103 32
9104 24
9105 32
9106 34
9107 36
9108 31
9109 26
9110 38
9111 31
9112 41
9113 62
9114 43
9115 87
9116 50
9117 58
9118 41
9119 35
9120 51
9121 63
9122 63
9123 82
9124 94
9125 60
9126 83
9127 64
9128 74
9129 70
9130 67
9131 62
9132 48
9133 88
9134 46
9135 30
9136 48
9137 45
9138 49
9139 52
9140 56
9141 48
9142 53
9143 54
9144 116
9145 69
9146 145
9147 74
9148 93
9149 70
9150 33
9151 28
9152 22
9153 34
9154 43
9155 43
9156 35
9157 25
9158 22
9159 23
9160 48
9161 39
9162 61
9163 63
9164 57
9165 27
9166 34
9167 25
9168 32
9169 38
9170 33
9171 33
9172 39
9173 57
9174 54
9175 49
9176 26
9177 53
9178 51
9179 40
9180 49
9181 24
9182 46
9183 42
9184 46
9185 73
9186 55
9187 66
9188 81
9189 52
9190 60
9191 34
9192 36
9193 57
9194 63
9195 44
9196 49
9197 23
9198 34
9199 66
9200 63
9201 126
9202 137
9203 55
9204 26
9205 37
9206 44
9207 26
9208 20
9209 25
9210 68
9211 26
9212 29
9213 16
9214 36
9215 46
9216 26
9217 25
9218 21
9219 24
9220 11
9221 15
9222 13
9223 15
9224 10
9225 9
9226 28
9227 25
9228 20
9229 12
9230 16
9231 23
9232 26
9233 21
9234 17
9235 24
9236 12
9237 31
9238 18
9239 39
9240 20
9241 25
9242 34
9243 35
9244 27
9245 25
9246 24
9247 23
9248 40
9249 19
9250 35
9251 27
9252 28
9253 23
9254 25
9255 51
9256 30
9257 57
9258 53
9259 47
9260 66
9261 31
9262 37
9263 26
9264 22
9265 13
9266 55
9267 47
9268 37
9269 57
9270 42
9271 72
9272 43
9273 56
9274 79
9275 56
9276 22
9277 26
9278 45
9279 26
9280 34
9281 29
9282 55
9283 82
9284 76
9285 94
9286 89
9287 117
9288 45
9289 57
9290 88
9291 60
9292 15
9293 38
9294 47
9295 41
9296 30
9297 50
9298 57
9299 63
9300 46
9301 34
9302 28
9303 70
9304 30
9305 62
9306 24
9307 12
9308 16
9309 19
9310 16
9311 16
9312 20
9313 33
9314 55
9315 22
9316 20
9317 8
9318 17
9319 30
9320 25
9321 25
9322 9
9323 12
9324 20
9325 19
9326 12
9327 24
9328 21
9329 45
9330 56
9331 28
9332 29
9333 18
9334 23
9335 35
9336 38
9337 30
9338 26
9339 38
9340 32
9341 36
9342 44
9343 39
9344 49
9345 102
9346 57
9347 38
9348 33
9349 22
9350 40
9351 44
9352 38
9353 72
9354 61
9355 85
9356 34
9357 62
9358 84
9359 63
9360 50
9361 33
9362 50
9363 22
9364 24
9365 18
9366 20
9367 21
9368 36
9369 22
9370 26
9371 21
9372 34
9373 19
9374 39
9375 36
9376 25
9377 13
9378 15
9379 17
9380 29
9381 16
9382 16
9383 29
9384 36
9385 21
9386 28
9387 19
9388 17
9389 26
9390 65
9391 34
9392 36
9393 26
9394 25
9395 25
9396 55
9397 35
9398 82
9399 55
9400 64
9401 60
9402 56
9403 34
9404 58
9405 63
9406 115
9407 52
9408 50
9409 53
9410 39
9411 39
9412 62
9413 57
9414 98
9415 90
9416 109
9417 111
9418 88
9419 79
9420 82
9421 105
9422 104
9423 86
9424 99
9425 54
9426 55
9427 56
9428 67
9429 33
9430 50
9431 20
9432 28
9433 29
9434 18
9435 19
9436 28
9437 29
9438 32
9439 24
9440 49
9441 19
9442 23
9443 13
9444 30
9445 10
9446 20
9447 13
9448 22
9449 18
9450 20
9451 27
9452 26
9453 60
9454 38
9455 31
9456 44
9457 34
9458 17
9459 30
9460 33
9461 30
9462 34
9463 22
9464 34
9465 21
9466 18
9467 19
9468 23
9469 32
9470 40
9471 45
9472 30
9473 42
9474 24
9475 29
9476 30
9477 18
9478 33
9479 25
9480 30
9481 20
9482 25
9483 19
9484 24
9485 51
9486 50
9487 22
9488 24
9489 47
9490 60
9491 40
9492 55
9493 52
9494 51
9495 44
9496 12
9497 34
9498 36
9499 42
9500 54
9501 78
9502 52
9503 49
9504 53
9505 54
9506 81
9507 33
9508 26
9509 34
9510 29
9511 13
9512 5
9513 26
9514 52
9515 23
9516 43
9517 28
9518 16
9519 14
9520 28
9521 30
9522 28
9523 53
9524 47
9525 19
9526 13
9527 20
9528 12
9529 37
9530 53
9531 69
9532 42
9533 28
9534 17
9535 21
9536 36
9537 41
9538 28
9539 38
9540 47
9541 37
9542 18
9543 37
9544 39
9545 86
9546 72
9547 51
9548 31
9549 34
9550 17
9551 39
9552 49
9553 29
9554 41
9555 34
9556 58
9557 86
9558 64
9559 123
9560 56
9561 131
9562 146
9563 96
9564 64
9565 75
9566 33
9567 75
9568 76
9569 78
9570 96
9571 29
9572 41
9573 59
9574 41
9575 53
9576 40
9577 40
9578 35
9579 15
9580 15
9581 21
9582 37
9583 10
9584 23
9585 41
9586 34
9587 26
9588 34
9589 26
9590 19
9591 19
9592 9
9593 26
9594 23
9595 9
9596 17
9597 18
9598 25
9599 13
9600 23
9601 32
9602 33
9603 26
9604 42
9605 26
9606 29
9607 21
9608 19
9609 25
9610 30
9611 17
9612 27
9613 23
9614 17
9615 11
9616 11
9617 20
9618 17
9619 39
9620 24
9621 28
9622 19
9623 26
9624 16
9625 34
9626 32
9627 36
9628 36
9629 24
9630 25
9631 27
9632 20
9633 34
9634 26
9635 36
9636 36
9637 39
9638 32
9639 46
9640 51
9641 88
9642 44
9643 96
9644 51
9645 68
9646 62
9647 35
9648 50
9649 53
9650 43
9651 140
9652 82
9653 104
9654 60
9655 105
9656 104
9657 200
9658 87
9659 58
9660 33
9661 37
9662 32
9663 38
9664 34
9665 70
9666 59
9667 58
9668 53
9669 75
9670 49
9671 47
9672 27
9673 50
9674 23
9675 23
9676 15
9677 9
9678 16
9679 27
9680 18
9681 34
9682 16
9683 18
9684 19
9685 17
9686 17
9687 25
9688 12
9689 10
9690 11
9691 13
9692 10
9693 12
9694 9
9695 10
9696 7
9697 9
9698 17
9699 12
9700 15
9701 19
9702 19
9703 22
9704 16
9705 13
9706 17
9707 23
9708 16
9709 28
9710 25
9711 14
9712 22
9713 28
9714 29
9715 39
9716 56
9717 42
9718 50
9719 41
9720 32
9721 46
9722 54
9723 84
9724 62
9725 95
9726 83
9727 31
9728 56
9729 52
9730 75
9731 90
9732 128
9733 139
9734 112
9735 63
9736 64
9737 43
9738 88
9739 69
9740 44
9741 60
9742 32
9743 26
9744 39
9745 37
9746 49
9747 57
9748 27
9749 33
9750 13
9751 16
9752 25
9753 11
9754 13
9755 19
9756 8
9757 9
9758 15
9759 8
9760 6
9761 21
9762 17
9763 18
9764 11
9765 17
9766 16
9767 6
9768 17
9769 7
9770 7
9771 12
9772 11
9773 16
9774 26
9775 25
9776 24
9777 25
9778 36
9779 38
9780 30
9781 34
9782 10
9783 18
9784 37
9785 14
9786 13
9787 31
9788 26
9789 37
9790 44
9791 56
9792 63
9793 52
9794 45
9795 55
9796 69
9797 57
9798 42
9799 43
9800 50
9801 36
9802 56
9803 54
9804 59
9805 88
9806 75
9807 88
9808 121
9809 76
9810 92
9811 139
9812 152
9813 139
9814 79
9815 56
9816 50
9817 69
9818 88
9819 114
9820 65
9821 80
9822 74
9823 54
9824 49
9825 35
9826 53
9827 53
9828 84
9829 73
9830 86
9831 45
9832 35
9833 31
9834 14
9835 30
9836 20
9837 12
9838 19
9839 11
9840 19
9841 11
9842 23
9843 8
9844 22
9845 15
9846 13
9847 8
9848 12
9849 9
9850 6
9851 16
9852 19
9853 10
9854 14
9855 11
9856 14
9857 9
9858 12
9859 5
9860 13
9861 6
9862 15
9863 20
9864 18
9865 10
9866 7
9867 17
9868 19
9869 8
9870 9
9871 11
9872 22
9873 19
9874 23
9875 17
9876 18
9877 25
9878 18
9879 22
9880 16
9881 14
9882 15
9883 27
9884 40
9885 27
9886 29
9887 42
9888 28
9889 23
9890 42
9891 53
9892 62
9893 41
9894 57
9895 62
9896 52
9897 82
9898 50
9899 80
9900 69
9901 59
9902 75
9903 106
9904 37
9905 46
9906 81
9907 88
9908 58
9909 76
9910 33
9911 59
9912 59
9913 107
9914 53
9915 60
9916 106
9917 54
9918 68
9919 27
9920 26
9921 31
9922 77
9923 50
9924 48
9925 55
9926 44
9927 46
9928 43
9929 65
9930 64
9931 67
9932 45
9933 51
9934 26
9935 27
9936 19
9937 13
9938 29
9939 21
9940 22
9941 20
9942 21
9943 51
9944 55
9945 29
9946 20
9947 9
9948 8
9949 7
9950 7
9951 13
9952 9
9953 5
9954 20
9955 19
9956 22
9957 23
9958 23
9959 24
9960 16
9961 19
9962 18
9963 10
9964 6
9965 19
9966 24
9967 22
9968 14
9969 14
9970 25
9971 27
9972 14
9973 16
9974 23
9975 12
9976 18
9977 16
9978 25
9979 32
9980 35
9981 34
9982 49
9983 37
9984 33
9985 59
9986 55
9987 43
9988 34
9989 43
9990 53
9991 47
9992 51
9993 45
9994 39
9995 68
9996 45
9997 45
9998 78
9999 37
